review_window_id,device_pair,row_relation,source_csv_line,Time,Unix,Aggregate,Appliance4,Appliance5,Appliance6,Issues
REFIT-H1-COACT-000001,washer+dishwasher,context_before,975104,2013-12-28 04:22:31,1388204551,3692,0,88,2224,0
REFIT-H1-COACT-000001,washer+dishwasher,context_before,975105,2013-12-28 04:22:32,1388204552,3692,0,88,2208,0
REFIT-H1-COACT-000001,washer+dishwasher,context_before,975106,2013-12-28 04:22:46,1388204566,3692,0,10,2252,0
REFIT-H1-COACT-000001,washer+dishwasher,context_before,975107,2013-12-28 04:22:47,1388204567,3692,0,10,2252,0
REFIT-H1-COACT-000001,washer+dishwasher,context_before,975108,2013-12-28 04:23:01,1388204581,3718,0,174,76,0
REFIT-H1-COACT-000001,washer+dishwasher,context_before,975109,2013-12-28 04:23:02,1388204582,3877,0,174,76,0
REFIT-H1-COACT-000001,washer+dishwasher,context_before,975110,2013-12-28 04:23:16,1388204596,1232,0,10,67,0
REFIT-H1-COACT-000001,washer+dishwasher,context_before,975111,2013-12-28 04:23:19,1388204599,1232,0,2201,67,1
REFIT-H1-COACT-000001,washer+dishwasher,context_before,975112,2013-12-28 04:23:30,1388204610,3606,0,2367,65,0
REFIT-H1-COACT-000001,washer+dishwasher,context_before,975113,2013-12-28 04:23:31,1388204611,3606,0,2367,65,0
REFIT-H1-COACT-000001,washer+dishwasher,context_before,975114,2013-12-28 04:23:33,1388204613,3606,0,2367,65,0
REFIT-H1-COACT-000002,washer+dishwasher,context_before,975114,2013-12-28 04:23:33,1388204613,3606,0,2367,65,0
REFIT-H1-COACT-000001,washer+dishwasher,context_before,975115,2013-12-28 04:23:46,1388204626,3858,0,2358,66,0
REFIT-H1-COACT-000002,washer+dishwasher,context_before,975115,2013-12-28 04:23:46,1388204626,3858,0,2358,66,0
REFIT-H1-COACT-000001,washer+dishwasher,context_before,975116,2013-12-28 04:23:48,1388204628,3570,0,2358,66,0
REFIT-H1-COACT-000002,washer+dishwasher,context_before,975116,2013-12-28 04:23:48,1388204628,3570,0,2358,66,0
REFIT-H1-COACT-000001,washer+dishwasher,context_before,975117,2013-12-28 04:24:01,1388204641,3931,0,2315,28,0
REFIT-H1-COACT-000002,washer+dishwasher,context_before,975117,2013-12-28 04:24:01,1388204641,3931,0,2315,28,0
REFIT-H1-COACT-000001,washer+dishwasher,context_before,975118,2013-12-28 04:24:03,1388204643,3931,0,2315,28,0
REFIT-H1-COACT-000002,washer+dishwasher,context_before,975118,2013-12-28 04:24:03,1388204643,3931,0,2315,28,0
REFIT-H1-COACT-000001,washer+dishwasher,context_before,975119,2013-12-28 04:24:16,1388204656,3717,0,2363,29,0
REFIT-H1-COACT-000002,washer+dishwasher,context_before,975119,2013-12-28 04:24:16,1388204656,3717,0,2363,29,0
REFIT-H1-COACT-000001,washer+dishwasher,context_before,975120,2013-12-28 04:24:18,1388204658,3717,0,2363,27,0
REFIT-H1-COACT-000002,washer+dishwasher,context_before,975120,2013-12-28 04:24:18,1388204658,3717,0,2363,27,0
REFIT-H1-COACT-000001,washer+dishwasher,context_before,975121,2013-12-28 04:24:19,1388204659,3717,0,2363,27,0
REFIT-H1-COACT-000002,washer+dishwasher,context_before,975121,2013-12-28 04:24:19,1388204659,3717,0,2363,27,0
REFIT-H1-COACT-000001,washer+dishwasher,context_before,975122,2013-12-28 04:24:30,1388204670,3781,0,2354,23,0
REFIT-H1-COACT-000002,washer+dishwasher,context_before,975122,2013-12-28 04:24:30,1388204670,3781,0,2354,23,0
REFIT-H1-COACT-000001,washer+dishwasher,context_before,975123,2013-12-28 04:24:32,1388204672,3938,0,2376,23,0
REFIT-H1-COACT-000002,washer+dishwasher,context_before,975123,2013-12-28 04:24:32,1388204672,3938,0,2376,23,0
REFIT-H1-COACT-000001,washer+dishwasher,context_before,975124,2013-12-28 04:24:34,1388204674,3938,0,2376,23,0
REFIT-H1-COACT-000002,washer+dishwasher,context_before,975124,2013-12-28 04:24:34,1388204674,3938,0,2376,23,0
REFIT-H1-COACT-000001,washer+dishwasher,context_before,975125,2013-12-28 04:24:47,1388204687,3951,0,2260,23,0
REFIT-H1-COACT-000002,washer+dishwasher,context_before,975125,2013-12-28 04:24:47,1388204687,3951,0,2260,23,0
REFIT-H1-COACT-000001,washer+dishwasher,context_before,975126,2013-12-28 04:24:48,1388204688,3951,0,2260,23,0
REFIT-H1-COACT-000002,washer+dishwasher,context_before,975126,2013-12-28 04:24:48,1388204688,3951,0,2260,23,0
REFIT-H1-COACT-000001,washer+dishwasher,context_before,975127,2013-12-28 04:25:02,1388204702,3719,0,2372,23,0
REFIT-H1-COACT-000002,washer+dishwasher,context_before,975127,2013-12-28 04:25:02,1388204702,3719,0,2372,23,0
REFIT-H1-COACT-000001,washer+dishwasher,context_before,975128,2013-12-28 04:25:03,1388204703,3719,0,2372,23,0
REFIT-H1-COACT-000002,washer+dishwasher,context_before,975128,2013-12-28 04:25:03,1388204703,3719,0,2372,23,0
REFIT-H1-COACT-000001,washer+dishwasher,context_before,975129,2013-12-28 04:25:17,1388204717,3595,0,2358,13,0
REFIT-H1-COACT-000002,washer+dishwasher,context_before,975129,2013-12-28 04:25:17,1388204717,3595,0,2358,13,0
REFIT-H1-COACT-000001,washer+dishwasher,context_before,975130,2013-12-28 04:25:18,1388204718,3710,0,2358,13,0
REFIT-H1-COACT-000002,washer+dishwasher,context_before,975130,2013-12-28 04:25:18,1388204718,3710,0,2358,13,0
REFIT-H1-COACT-000001,washer+dishwasher,context_before,975131,2013-12-28 04:25:19,1388204719,3710,0,2358,13,0
REFIT-H1-COACT-000002,washer+dishwasher,context_before,975131,2013-12-28 04:25:19,1388204719,3710,0,2358,13,0
REFIT-H1-COACT-000001,washer+dishwasher,context_before,975132,2013-12-28 04:25:32,1388204732,3788,0,2268,8,0
REFIT-H1-COACT-000002,washer+dishwasher,context_before,975132,2013-12-28 04:25:32,1388204732,3788,0,2268,8,0
REFIT-H1-COACT-000001,washer+dishwasher,context_before,975133,2013-12-28 04:25:33,1388204733,3788,0,2268,8,0
REFIT-H1-COACT-000002,washer+dishwasher,context_before,975133,2013-12-28 04:25:33,1388204733,3788,0,2268,8,0
REFIT-H1-COACT-000001,washer+dishwasher,candidate_window,975134,2013-12-28 04:25:47,1388204747,3814,0,2358,172,0
REFIT-H1-COACT-000002,washer+dishwasher,context_before,975134,2013-12-28 04:25:47,1388204747,3814,0,2358,172,0
REFIT-H1-COACT-000001,washer+dishwasher,candidate_window,975135,2013-12-28 04:25:48,1388204748,3814,0,2358,172,0
REFIT-H1-COACT-000002,washer+dishwasher,context_before,975135,2013-12-28 04:25:48,1388204748,3814,0,2358,172,0
REFIT-H1-COACT-000001,washer+dishwasher,context_after,975136,2013-12-28 04:26:02,1388204762,3767,0,2372,66,0
REFIT-H1-COACT-000002,washer+dishwasher,context_before,975136,2013-12-28 04:26:02,1388204762,3767,0,2372,66,0
REFIT-H1-COACT-000001,washer+dishwasher,context_after,975137,2013-12-28 04:26:03,1388204763,3767,0,2372,66,0
REFIT-H1-COACT-000002,washer+dishwasher,context_before,975137,2013-12-28 04:26:03,1388204763,3767,0,2372,66,0
REFIT-H1-COACT-000001,washer+dishwasher,context_after,975138,2013-12-28 04:26:16,1388204776,3707,0,2268,82,0
REFIT-H1-COACT-000002,washer+dishwasher,context_before,975138,2013-12-28 04:26:16,1388204776,3707,0,2268,82,0
REFIT-H1-COACT-000001,washer+dishwasher,context_after,975139,2013-12-28 04:26:18,1388204778,3707,0,2332,82,0
REFIT-H1-COACT-000002,washer+dishwasher,context_before,975139,2013-12-28 04:26:18,1388204778,3707,0,2332,82,0
REFIT-H1-COACT-000001,washer+dishwasher,context_after,975140,2013-12-28 04:26:19,1388204779,3707,0,2332,82,0
REFIT-H1-COACT-000002,washer+dishwasher,context_before,975140,2013-12-28 04:26:19,1388204779,3707,0,2332,82,0
REFIT-H1-COACT-000001,washer+dishwasher,context_after,975141,2013-12-28 04:26:31,1388204791,3554,0,2170,1849,1
REFIT-H1-COACT-000002,washer+dishwasher,context_before,975141,2013-12-28 04:26:31,1388204791,3554,0,2170,1849,1
REFIT-H1-COACT-000001,washer+dishwasher,context_after,975142,2013-12-28 04:26:32,1388204792,3554,0,2170,1849,1
REFIT-H1-COACT-000002,washer+dishwasher,context_before,975142,2013-12-28 04:26:32,1388204792,3554,0,2170,1849,1
REFIT-H1-COACT-000001,washer+dishwasher,context_after,975143,2013-12-28 04:26:34,1388204794,3554,0,2170,2201,1
REFIT-H1-COACT-000002,washer+dishwasher,context_before,975143,2013-12-28 04:26:34,1388204794,3554,0,2170,2201,1
REFIT-H1-COACT-000001,washer+dishwasher,context_after,975144,2013-12-28 04:26:47,1388204807,6026,0,2129,2170,0
REFIT-H1-COACT-000002,washer+dishwasher,candidate_window,975144,2013-12-28 04:26:47,1388204807,6026,0,2129,2170,0
REFIT-H1-COACT-000001,washer+dishwasher,context_after,975145,2013-12-28 04:26:48,1388204808,5863,0,2129,2170,0
REFIT-H1-COACT-000002,washer+dishwasher,candidate_window,975145,2013-12-28 04:26:48,1388204808,5863,0,2129,2170,0
REFIT-H1-COACT-000001,washer+dishwasher,context_after,975146,2013-12-28 04:27:01,1388204821,5948,0,2112,2204,0
REFIT-H1-COACT-000002,washer+dishwasher,candidate_window,975146,2013-12-28 04:27:01,1388204821,5948,0,2112,2204,0
REFIT-H1-COACT-000001,washer+dishwasher,context_after,975147,2013-12-28 04:27:03,1388204823,5948,0,2112,2204,0
REFIT-H1-COACT-000002,washer+dishwasher,candidate_window,975147,2013-12-28 04:27:03,1388204823,5948,0,2112,2204,0
REFIT-H1-COACT-000001,washer+dishwasher,context_after,975148,2013-12-28 04:27:16,1388204836,6110,0,2336,2178,0
REFIT-H1-COACT-000002,washer+dishwasher,candidate_window,975148,2013-12-28 04:27:16,1388204836,6110,0,2336,2178,0
REFIT-H1-COACT-000001,washer+dishwasher,context_after,975149,2013-12-28 04:27:17,1388204837,6110,0,2336,2232,0
REFIT-H1-COACT-000002,washer+dishwasher,candidate_window,975149,2013-12-28 04:27:17,1388204837,6110,0,2336,2232,0
REFIT-H1-COACT-000001,washer+dishwasher,context_after,975150,2013-12-28 04:27:18,1388204838,6110,0,2336,2232,0
REFIT-H1-COACT-000002,washer+dishwasher,candidate_window,975150,2013-12-28 04:27:18,1388204838,6110,0,2336,2232,0
REFIT-H1-COACT-000001,washer+dishwasher,context_after,975151,2013-12-28 04:27:30,1388204850,6061,0,2163,2197,0
REFIT-H1-COACT-000002,washer+dishwasher,candidate_window,975151,2013-12-28 04:27:30,1388204850,6061,0,2163,2197,0
REFIT-H1-COACT-000001,washer+dishwasher,context_after,975152,2013-12-28 04:27:32,1388204852,5777,0,2289,2197,0
REFIT-H1-COACT-000002,washer+dishwasher,candidate_window,975152,2013-12-28 04:27:32,1388204852,5777,0,2289,2197,0
REFIT-H1-COACT-000001,washer+dishwasher,context_after,975153,2013-12-28 04:27:47,1388204867,5914,0,2101,2204,0
REFIT-H1-COACT-000002,washer+dishwasher,candidate_window,975153,2013-12-28 04:27:47,1388204867,5914,0,2101,2204,0
REFIT-H1-COACT-000003,washer+dishwasher,context_before,975153,2013-12-28 04:27:47,1388204867,5914,0,2101,2204,0
REFIT-H1-COACT-000001,washer+dishwasher,context_after,975154,2013-12-28 04:28:01,1388204881,6034,0,2272,2181,0
REFIT-H1-COACT-000002,washer+dishwasher,candidate_window,975154,2013-12-28 04:28:01,1388204881,6034,0,2272,2181,0
REFIT-H1-COACT-000003,washer+dishwasher,context_before,975154,2013-12-28 04:28:01,1388204881,6034,0,2272,2181,0
REFIT-H1-COACT-000001,washer+dishwasher,context_after,975155,2013-12-28 04:28:02,1388204882,6034,0,2272,2181,0
REFIT-H1-COACT-000002,washer+dishwasher,candidate_window,975155,2013-12-28 04:28:02,1388204882,6034,0,2272,2181,0
REFIT-H1-COACT-000003,washer+dishwasher,context_before,975155,2013-12-28 04:28:02,1388204882,6034,0,2272,2181,0
REFIT-H1-COACT-000001,washer+dishwasher,context_after,975156,2013-12-28 04:28:16,1388204896,6034,0,2289,2174,0
REFIT-H1-COACT-000002,washer+dishwasher,candidate_window,975156,2013-12-28 04:28:16,1388204896,6034,0,2289,2174,0
REFIT-H1-COACT-000003,washer+dishwasher,context_before,975156,2013-12-28 04:28:16,1388204896,6034,0,2289,2174,0
REFIT-H1-COACT-000001,washer+dishwasher,context_after,975157,2013-12-28 04:28:19,1388204899,6018,0,2289,2204,0
REFIT-H1-COACT-000002,washer+dishwasher,candidate_window,975157,2013-12-28 04:28:19,1388204899,6018,0,2289,2204,0
REFIT-H1-COACT-000003,washer+dishwasher,context_before,975157,2013-12-28 04:28:19,1388204899,6018,0,2289,2204,0
REFIT-H1-COACT-000001,washer+dishwasher,context_after,975158,2013-12-28 04:28:30,1388204910,5892,0,2408,2193,0
REFIT-H1-COACT-000002,washer+dishwasher,candidate_window,975158,2013-12-28 04:28:30,1388204910,5892,0,2408,2193,0
REFIT-H1-COACT-000003,washer+dishwasher,context_before,975158,2013-12-28 04:28:30,1388204910,5892,0,2408,2193,0
REFIT-H1-COACT-000001,washer+dishwasher,context_after,975159,2013-12-28 04:28:31,1388204911,5892,0,2408,28,0
REFIT-H1-COACT-000002,washer+dishwasher,context_after,975159,2013-12-28 04:28:31,1388204911,5892,0,2408,28,0
REFIT-H1-COACT-000003,washer+dishwasher,context_before,975159,2013-12-28 04:28:31,1388204911,5892,0,2408,28,0
REFIT-H1-COACT-000001,washer+dishwasher,context_after,975160,2013-12-28 04:28:33,1388204913,5892,0,2408,28,0
REFIT-H1-COACT-000002,washer+dishwasher,context_after,975160,2013-12-28 04:28:33,1388204913,5892,0,2408,28,0
REFIT-H1-COACT-000003,washer+dishwasher,context_before,975160,2013-12-28 04:28:33,1388204913,5892,0,2408,28,0
REFIT-H1-COACT-000001,washer+dishwasher,context_after,975161,2013-12-28 04:28:46,1388204926,3624,0,2264,10,0
REFIT-H1-COACT-000002,washer+dishwasher,context_after,975161,2013-12-28 04:28:46,1388204926,3624,0,2264,10,0
REFIT-H1-COACT-000003,washer+dishwasher,context_before,975161,2013-12-28 04:28:46,1388204926,3624,0,2264,10,0
REFIT-H1-COACT-000001,washer+dishwasher,context_after,975162,2013-12-28 04:28:48,1388204928,3624,0,2264,10,0
REFIT-H1-COACT-000002,washer+dishwasher,context_after,975162,2013-12-28 04:28:48,1388204928,3624,0,2264,10,0
REFIT-H1-COACT-000003,washer+dishwasher,context_before,975162,2013-12-28 04:28:48,1388204928,3624,0,2264,10,0
REFIT-H1-COACT-000001,washer+dishwasher,context_after,975163,2013-12-28 04:29:00,1388204940,3738,0,2327,2,0
REFIT-H1-COACT-000002,washer+dishwasher,context_after,975163,2013-12-28 04:29:00,1388204940,3738,0,2327,2,0
REFIT-H1-COACT-000003,washer+dishwasher,context_before,975163,2013-12-28 04:29:00,1388204940,3738,0,2327,2,0
REFIT-H1-COACT-000001,washer+dishwasher,context_after,975164,2013-12-28 04:29:02,1388204942,3738,0,2327,24,0
REFIT-H1-COACT-000002,washer+dishwasher,context_after,975164,2013-12-28 04:29:02,1388204942,3738,0,2327,24,0
REFIT-H1-COACT-000003,washer+dishwasher,context_before,975164,2013-12-28 04:29:02,1388204942,3738,0,2327,24,0
REFIT-H1-COACT-000001,washer+dishwasher,context_after,975165,2013-12-28 04:29:15,1388204955,3771,0,2268,24,0
REFIT-H1-COACT-000002,washer+dishwasher,context_after,975165,2013-12-28 04:29:15,1388204955,3771,0,2268,24,0
REFIT-H1-COACT-000003,washer+dishwasher,context_before,975165,2013-12-28 04:29:15,1388204955,3771,0,2268,24,0
REFIT-H1-COACT-000002,washer+dishwasher,context_after,975166,2013-12-28 04:29:17,1388204957,3665,0,2268,24,0
REFIT-H1-COACT-000003,washer+dishwasher,context_before,975166,2013-12-28 04:29:17,1388204957,3665,0,2268,24,0
REFIT-H1-COACT-000002,washer+dishwasher,context_after,975167,2013-12-28 04:29:19,1388204959,3665,0,2376,24,0
REFIT-H1-COACT-000003,washer+dishwasher,context_before,975167,2013-12-28 04:29:19,1388204959,3665,0,2376,24,0
REFIT-H1-COACT-000002,washer+dishwasher,context_after,975168,2013-12-28 04:29:29,1388204969,3802,0,2144,23,0
REFIT-H1-COACT-000003,washer+dishwasher,context_before,975168,2013-12-28 04:29:29,1388204969,3802,0,2144,23,0
REFIT-H1-COACT-000002,washer+dishwasher,context_after,975169,2013-12-28 04:29:31,1388204971,3802,0,2144,23,0
REFIT-H1-COACT-000003,washer+dishwasher,context_before,975169,2013-12-28 04:29:31,1388204971,3802,0,2144,23,0
REFIT-H1-COACT-000002,washer+dishwasher,context_after,975170,2013-12-28 04:29:34,1388204974,3802,0,2144,23,0
REFIT-H1-COACT-000003,washer+dishwasher,context_before,975170,2013-12-28 04:29:34,1388204974,3802,0,2144,23,0
REFIT-H1-COACT-000002,washer+dishwasher,context_after,975171,2013-12-28 04:29:46,1388204986,3761,0,2285,23,0
REFIT-H1-COACT-000003,washer+dishwasher,context_before,975171,2013-12-28 04:29:46,1388204986,3761,0,2285,23,0
REFIT-H1-COACT-000002,washer+dishwasher,context_after,975172,2013-12-28 04:29:48,1388204988,3694,0,2285,23,0
REFIT-H1-COACT-000003,washer+dishwasher,context_before,975172,2013-12-28 04:29:48,1388204988,3694,0,2285,23,0
REFIT-H1-COACT-000002,washer+dishwasher,context_after,975173,2013-12-28 04:30:00,1388205000,3465,0,2310,8,0
REFIT-H1-COACT-000003,washer+dishwasher,context_before,975173,2013-12-28 04:30:00,1388205000,3465,0,2310,8,0
REFIT-H1-COACT-000002,washer+dishwasher,context_after,975174,2013-12-28 04:30:03,1388205003,3737,0,2306,8,0
REFIT-H1-COACT-000003,washer+dishwasher,context_before,975174,2013-12-28 04:30:03,1388205003,3737,0,2306,8,0
REFIT-H1-COACT-000002,washer+dishwasher,context_after,975175,2013-12-28 04:30:15,1388205015,3454,0,2224,8,0
REFIT-H1-COACT-000003,washer+dishwasher,context_before,975175,2013-12-28 04:30:15,1388205015,3454,0,2224,8,0
REFIT-H1-COACT-000002,washer+dishwasher,context_after,975176,2013-12-28 04:30:18,1388205018,3454,0,2224,8,0
REFIT-H1-COACT-000003,washer+dishwasher,context_before,975176,2013-12-28 04:30:18,1388205018,3454,0,2224,8,0
REFIT-H1-COACT-000002,washer+dishwasher,context_after,975177,2013-12-28 04:30:30,1388205030,3702,0,2155,63,0
REFIT-H1-COACT-000003,washer+dishwasher,context_before,975177,2013-12-28 04:30:30,1388205030,3702,0,2155,63,0
REFIT-H1-COACT-000002,washer+dishwasher,context_after,975178,2013-12-28 04:30:32,1388205032,3702,0,2155,63,0
REFIT-H1-COACT-000003,washer+dishwasher,context_before,975178,2013-12-28 04:30:32,1388205032,3702,0,2155,63,0
REFIT-H1-COACT-000002,washer+dishwasher,context_after,975179,2013-12-28 04:30:33,1388205033,3702,0,2323,63,0
REFIT-H1-COACT-000003,washer+dishwasher,context_before,975179,2013-12-28 04:30:33,1388205033,3702,0,2323,63,0
REFIT-H1-COACT-000002,washer+dishwasher,context_after,975180,2013-12-28 04:30:47,1388205047,3866,0,2133,74,0
REFIT-H1-COACT-000003,washer+dishwasher,context_before,975180,2013-12-28 04:30:47,1388205047,3866,0,2133,74,0
REFIT-H1-COACT-000002,washer+dishwasher,context_after,975181,2013-12-28 04:30:48,1388205048,3866,0,2133,76,0
REFIT-H1-COACT-000003,washer+dishwasher,context_before,975181,2013-12-28 04:30:48,1388205048,3866,0,2133,76,0
REFIT-H1-COACT-000002,washer+dishwasher,context_after,975182,2013-12-28 04:31:02,1388205062,3806,0,2212,2208,1
REFIT-H1-COACT-000003,washer+dishwasher,context_before,975182,2013-12-28 04:31:02,1388205062,3806,0,2212,2208,1
REFIT-H1-COACT-000002,washer+dishwasher,context_after,975183,2013-12-28 04:31:16,1388205076,5828,0,2372,2159,0
REFIT-H1-COACT-000003,washer+dishwasher,candidate_window,975183,2013-12-28 04:31:16,1388205076,5828,0,2372,2159,0
REFIT-H1-COACT-000004,washer+dishwasher,context_before,975183,2013-12-28 04:31:16,1388205076,5828,0,2372,2159,0
REFIT-H1-COACT-000002,washer+dishwasher,context_after,975184,2013-12-28 04:31:17,1388205077,5828,0,2293,2159,0
REFIT-H1-COACT-000003,washer+dishwasher,candidate_window,975184,2013-12-28 04:31:17,1388205077,5828,0,2293,2159,0
REFIT-H1-COACT-000004,washer+dishwasher,context_before,975184,2013-12-28 04:31:17,1388205077,5828,0,2293,2159,0
REFIT-H1-COACT-000002,washer+dishwasher,context_after,975185,2013-12-28 04:31:19,1388205079,6006,0,2293,2201,0
REFIT-H1-COACT-000003,washer+dishwasher,candidate_window,975185,2013-12-28 04:31:19,1388205079,6006,0,2293,2201,0
REFIT-H1-COACT-000004,washer+dishwasher,context_before,975185,2013-12-28 04:31:19,1388205079,6006,0,2293,2201,0
REFIT-H1-COACT-000002,washer+dishwasher,context_after,975186,2013-12-28 04:31:31,1388205091,6059,0,2087,2208,0
REFIT-H1-COACT-000003,washer+dishwasher,candidate_window,975186,2013-12-28 04:31:31,1388205091,6059,0,2087,2208,0
REFIT-H1-COACT-000004,washer+dishwasher,context_before,975186,2013-12-28 04:31:31,1388205091,6059,0,2087,2208,0
REFIT-H1-COACT-000002,washer+dishwasher,context_after,975187,2013-12-28 04:31:32,1388205092,6079,0,2087,2189,0
REFIT-H1-COACT-000003,washer+dishwasher,candidate_window,975187,2013-12-28 04:31:32,1388205092,6079,0,2087,2189,0
REFIT-H1-COACT-000004,washer+dishwasher,context_before,975187,2013-12-28 04:31:32,1388205092,6079,0,2087,2189,0
REFIT-H1-COACT-000002,washer+dishwasher,context_after,975188,2013-12-28 04:31:33,1388205093,6079,0,2087,2189,0
REFIT-H1-COACT-000003,washer+dishwasher,candidate_window,975188,2013-12-28 04:31:33,1388205093,6079,0,2087,2189,0
REFIT-H1-COACT-000004,washer+dishwasher,context_before,975188,2013-12-28 04:31:33,1388205093,6079,0,2087,2189,0
REFIT-H1-COACT-000003,washer+dishwasher,candidate_window,975189,2013-12-28 04:31:46,1388205106,5780,0,2256,2204,0
REFIT-H1-COACT-000004,washer+dishwasher,context_before,975189,2013-12-28 04:31:46,1388205106,5780,0,2256,2204,0
REFIT-H1-COACT-000003,washer+dishwasher,candidate_window,975190,2013-12-28 04:31:48,1388205108,5780,0,2115,2204,0
REFIT-H1-COACT-000004,washer+dishwasher,context_before,975190,2013-12-28 04:31:48,1388205108,5780,0,2115,2204,0
REFIT-H1-COACT-000003,washer+dishwasher,candidate_window,975191,2013-12-28 04:32:01,1388205121,5728,0,118,2236,0
REFIT-H1-COACT-000004,washer+dishwasher,context_before,975191,2013-12-28 04:32:01,1388205121,5728,0,118,2236,0
REFIT-H1-COACT-000003,washer+dishwasher,candidate_window,975192,2013-12-28 04:32:03,1388205123,5728,0,118,2216,0
REFIT-H1-COACT-000004,washer+dishwasher,context_before,975192,2013-12-28 04:32:03,1388205123,5728,0,118,2216,0
REFIT-H1-COACT-000003,washer+dishwasher,candidate_window,975193,2013-12-28 04:32:15,1388205135,3897,0,207,2224,0
REFIT-H1-COACT-000004,washer+dishwasher,context_before,975193,2013-12-28 04:32:15,1388205135,3897,0,207,2224,0
REFIT-H1-COACT-000005,washer+dishwasher,context_before,975193,2013-12-28 04:32:15,1388205135,3897,0,207,2224,0
REFIT-H1-COACT-000003,washer+dishwasher,candidate_window,975194,2013-12-28 04:32:17,1388205137,3691,0,207,2224,0
REFIT-H1-COACT-000004,washer+dishwasher,context_before,975194,2013-12-28 04:32:17,1388205137,3691,0,207,2224,0
REFIT-H1-COACT-000005,washer+dishwasher,context_before,975194,2013-12-28 04:32:17,1388205137,3691,0,207,2224,0
REFIT-H1-COACT-000003,washer+dishwasher,candidate_window,975195,2013-12-28 04:32:18,1388205138,3691,0,207,2224,0
REFIT-H1-COACT-000004,washer+dishwasher,context_before,975195,2013-12-28 04:32:18,1388205138,3691,0,207,2224,0
REFIT-H1-COACT-000005,washer+dishwasher,context_before,975195,2013-12-28 04:32:18,1388205138,3691,0,207,2224,0
REFIT-H1-COACT-000003,washer+dishwasher,candidate_window,975196,2013-12-28 04:32:30,1388205150,3790,0,140,2256,0
REFIT-H1-COACT-000004,washer+dishwasher,context_before,975196,2013-12-28 04:32:30,1388205150,3790,0,140,2256,0
REFIT-H1-COACT-000005,washer+dishwasher,context_before,975196,2013-12-28 04:32:30,1388205150,3790,0,140,2256,0
REFIT-H1-COACT-000003,washer+dishwasher,candidate_window,975197,2013-12-28 04:32:32,1388205152,3790,0,337,2256,0
REFIT-H1-COACT-000004,washer+dishwasher,context_before,975197,2013-12-28 04:32:32,1388205152,3790,0,337,2256,0
REFIT-H1-COACT-000005,washer+dishwasher,context_before,975197,2013-12-28 04:32:32,1388205152,3790,0,337,2256,0
REFIT-H1-COACT-000003,washer+dishwasher,candidate_window,975198,2013-12-28 04:32:33,1388205153,3790,0,337,2256,0
REFIT-H1-COACT-000004,washer+dishwasher,context_before,975198,2013-12-28 04:32:33,1388205153,3790,0,337,2256,0
REFIT-H1-COACT-000005,washer+dishwasher,context_before,975198,2013-12-28 04:32:33,1388205153,3790,0,337,2256,0
REFIT-H1-COACT-000003,washer+dishwasher,candidate_window,975199,2013-12-28 04:32:46,1388205166,3593,0,178,2216,0
REFIT-H1-COACT-000004,washer+dishwasher,context_before,975199,2013-12-28 04:32:46,1388205166,3593,0,178,2216,0
REFIT-H1-COACT-000005,washer+dishwasher,context_before,975199,2013-12-28 04:32:46,1388205166,3593,0,178,2216,0
REFIT-H1-COACT-000003,washer+dishwasher,candidate_window,975200,2013-12-28 04:32:48,1388205168,3593,0,178,2216,0
REFIT-H1-COACT-000004,washer+dishwasher,context_before,975200,2013-12-28 04:32:48,1388205168,3593,0,178,2216,0
REFIT-H1-COACT-000005,washer+dishwasher,context_before,975200,2013-12-28 04:32:48,1388205168,3593,0,178,2216,0
REFIT-H1-COACT-000003,washer+dishwasher,candidate_window,975201,2013-12-28 04:33:01,1388205181,3598,0,178,2232,0
REFIT-H1-COACT-000004,washer+dishwasher,context_before,975201,2013-12-28 04:33:01,1388205181,3598,0,178,2232,0
REFIT-H1-COACT-000005,washer+dishwasher,context_before,975201,2013-12-28 04:33:01,1388205181,3598,0,178,2232,0
REFIT-H1-COACT-000003,washer+dishwasher,candidate_window,975202,2013-12-28 04:33:02,1388205182,3849,0,178,2232,0
REFIT-H1-COACT-000004,washer+dishwasher,context_before,975202,2013-12-28 04:33:02,1388205182,3849,0,178,2232,0
REFIT-H1-COACT-000005,washer+dishwasher,context_before,975202,2013-12-28 04:33:02,1388205182,3849,0,178,2232,0
REFIT-H1-COACT-000003,washer+dishwasher,context_after,975203,2013-12-28 04:33:16,1388205196,3683,0,3,2204,0
REFIT-H1-COACT-000004,washer+dishwasher,context_before,975203,2013-12-28 04:33:16,1388205196,3683,0,3,2204,0
REFIT-H1-COACT-000005,washer+dishwasher,context_before,975203,2013-12-28 04:33:16,1388205196,3683,0,3,2204,0
REFIT-H1-COACT-000003,washer+dishwasher,context_after,975204,2013-12-28 04:33:17,1388205197,3683,0,3,2208,0
REFIT-H1-COACT-000004,washer+dishwasher,context_before,975204,2013-12-28 04:33:17,1388205197,3683,0,3,2208,0
REFIT-H1-COACT-000005,washer+dishwasher,context_before,975204,2013-12-28 04:33:17,1388205197,3683,0,3,2208,0
REFIT-H1-COACT-000006,washer+dishwasher,context_before,975204,2013-12-28 04:33:17,1388205197,3683,0,3,2208,0
REFIT-H1-COACT-000003,washer+dishwasher,context_after,975205,2013-12-28 04:33:19,1388205199,3683,0,3,2208,0
REFIT-H1-COACT-000004,washer+dishwasher,context_before,975205,2013-12-28 04:33:19,1388205199,3683,0,3,2208,0
REFIT-H1-COACT-000005,washer+dishwasher,context_before,975205,2013-12-28 04:33:19,1388205199,3683,0,3,2208,0
REFIT-H1-COACT-000006,washer+dishwasher,context_before,975205,2013-12-28 04:33:19,1388205199,3683,0,3,2208,0
REFIT-H1-COACT-000003,washer+dishwasher,context_after,975206,2013-12-28 04:33:31,1388205211,3614,0,89,2248,0
REFIT-H1-COACT-000004,washer+dishwasher,context_before,975206,2013-12-28 04:33:31,1388205211,3614,0,89,2248,0
REFIT-H1-COACT-000005,washer+dishwasher,context_before,975206,2013-12-28 04:33:31,1388205211,3614,0,89,2248,0
REFIT-H1-COACT-000006,washer+dishwasher,context_before,975206,2013-12-28 04:33:31,1388205211,3614,0,89,2248,0
REFIT-H1-COACT-000003,washer+dishwasher,context_after,975207,2013-12-28 04:33:32,1388205212,3614,0,89,2248,0
REFIT-H1-COACT-000004,washer+dishwasher,context_before,975207,2013-12-28 04:33:32,1388205212,3614,0,89,2248,0
REFIT-H1-COACT-000005,washer+dishwasher,context_before,975207,2013-12-28 04:33:32,1388205212,3614,0,89,2248,0
REFIT-H1-COACT-000006,washer+dishwasher,context_before,975207,2013-12-28 04:33:32,1388205212,3614,0,89,2248,0
REFIT-H1-COACT-000003,washer+dishwasher,context_after,975208,2013-12-28 04:33:34,1388205214,3661,0,59,2248,0
REFIT-H1-COACT-000004,washer+dishwasher,context_before,975208,2013-12-28 04:33:34,1388205214,3661,0,59,2248,0
REFIT-H1-COACT-000005,washer+dishwasher,context_before,975208,2013-12-28 04:33:34,1388205214,3661,0,59,2248,0
REFIT-H1-COACT-000006,washer+dishwasher,context_before,975208,2013-12-28 04:33:34,1388205214,3661,0,59,2248,0
REFIT-H1-COACT-000003,washer+dishwasher,context_after,975209,2013-12-28 04:33:46,1388205226,3661,0,54,2216,0
REFIT-H1-COACT-000004,washer+dishwasher,context_before,975209,2013-12-28 04:33:46,1388205226,3661,0,54,2216,0
REFIT-H1-COACT-000005,washer+dishwasher,context_before,975209,2013-12-28 04:33:46,1388205226,3661,0,54,2216,0
REFIT-H1-COACT-000006,washer+dishwasher,context_before,975209,2013-12-28 04:33:46,1388205226,3661,0,54,2216,0
REFIT-H1-COACT-000003,washer+dishwasher,context_after,975210,2013-12-28 04:33:48,1388205228,3730,0,54,2212,0
REFIT-H1-COACT-000004,washer+dishwasher,context_before,975210,2013-12-28 04:33:48,1388205228,3730,0,54,2212,0
REFIT-H1-COACT-000005,washer+dishwasher,context_before,975210,2013-12-28 04:33:48,1388205228,3730,0,54,2212,0
REFIT-H1-COACT-000006,washer+dishwasher,context_before,975210,2013-12-28 04:33:48,1388205228,3730,0,54,2212,0
REFIT-H1-COACT-000003,washer+dishwasher,context_after,975211,2013-12-28 04:34:01,1388205241,3676,0,67,2232,0
REFIT-H1-COACT-000004,washer+dishwasher,context_before,975211,2013-12-28 04:34:01,1388205241,3676,0,67,2232,0
REFIT-H1-COACT-000005,washer+dishwasher,context_before,975211,2013-12-28 04:34:01,1388205241,3676,0,67,2232,0
REFIT-H1-COACT-000006,washer+dishwasher,context_before,975211,2013-12-28 04:34:01,1388205241,3676,0,67,2232,0
REFIT-H1-COACT-000003,washer+dishwasher,context_after,975212,2013-12-28 04:34:03,1388205243,3676,0,67,2232,0
REFIT-H1-COACT-000004,washer+dishwasher,context_before,975212,2013-12-28 04:34:03,1388205243,3676,0,67,2232,0
REFIT-H1-COACT-000005,washer+dishwasher,context_before,975212,2013-12-28 04:34:03,1388205243,3676,0,67,2232,0
REFIT-H1-COACT-000006,washer+dishwasher,context_before,975212,2013-12-28 04:34:03,1388205243,3676,0,67,2232,0
REFIT-H1-COACT-000003,washer+dishwasher,context_after,975213,2013-12-28 04:34:16,1388205256,3636,0,183,2252,0
REFIT-H1-COACT-000004,washer+dishwasher,candidate_window,975213,2013-12-28 04:34:16,1388205256,3636,0,183,2252,0
REFIT-H1-COACT-000005,washer+dishwasher,context_before,975213,2013-12-28 04:34:16,1388205256,3636,0,183,2252,0
REFIT-H1-COACT-000006,washer+dishwasher,context_before,975213,2013-12-28 04:34:16,1388205256,3636,0,183,2252,0
REFIT-H1-COACT-000003,washer+dishwasher,context_after,975214,2013-12-28 04:34:17,1388205257,3636,0,15,2252,0
REFIT-H1-COACT-000004,washer+dishwasher,context_after,975214,2013-12-28 04:34:17,1388205257,3636,0,15,2252,0
REFIT-H1-COACT-000005,washer+dishwasher,context_before,975214,2013-12-28 04:34:17,1388205257,3636,0,15,2252,0
REFIT-H1-COACT-000006,washer+dishwasher,context_before,975214,2013-12-28 04:34:17,1388205257,3636,0,15,2252,0
REFIT-H1-COACT-000003,washer+dishwasher,context_after,975215,2013-12-28 04:34:20,1388205260,4081,0,15,2232,0
REFIT-H1-COACT-000004,washer+dishwasher,context_after,975215,2013-12-28 04:34:20,1388205260,4081,0,15,2232,0
REFIT-H1-COACT-000005,washer+dishwasher,context_before,975215,2013-12-28 04:34:20,1388205260,4081,0,15,2232,0
REFIT-H1-COACT-000006,washer+dishwasher,context_before,975215,2013-12-28 04:34:20,1388205260,4081,0,15,2232,0
REFIT-H1-COACT-000003,washer+dishwasher,context_after,975216,2013-12-28 04:34:30,1388205270,3615,0,94,2224,0
REFIT-H1-COACT-000004,washer+dishwasher,context_after,975216,2013-12-28 04:34:30,1388205270,3615,0,94,2224,0
REFIT-H1-COACT-000005,washer+dishwasher,context_before,975216,2013-12-28 04:34:30,1388205270,3615,0,94,2224,0
REFIT-H1-COACT-000006,washer+dishwasher,context_before,975216,2013-12-28 04:34:30,1388205270,3615,0,94,2224,0
REFIT-H1-COACT-000003,washer+dishwasher,context_after,975217,2013-12-28 04:34:32,1388205272,3863,0,94,2248,0
REFIT-H1-COACT-000004,washer+dishwasher,context_after,975217,2013-12-28 04:34:32,1388205272,3863,0,94,2248,0
REFIT-H1-COACT-000005,washer+dishwasher,context_before,975217,2013-12-28 04:34:32,1388205272,3863,0,94,2248,0
REFIT-H1-COACT-000006,washer+dishwasher,context_before,975217,2013-12-28 04:34:32,1388205272,3863,0,94,2248,0
REFIT-H1-COACT-000003,washer+dishwasher,context_after,975218,2013-12-28 04:34:34,1388205274,3863,0,94,2248,0
REFIT-H1-COACT-000004,washer+dishwasher,context_after,975218,2013-12-28 04:34:34,1388205274,3863,0,94,2248,0
REFIT-H1-COACT-000005,washer+dishwasher,context_before,975218,2013-12-28 04:34:34,1388205274,3863,0,94,2248,0
REFIT-H1-COACT-000006,washer+dishwasher,context_before,975218,2013-12-28 04:34:34,1388205274,3863,0,94,2248,0
REFIT-H1-COACT-000003,washer+dishwasher,context_after,975219,2013-12-28 04:34:47,1388205287,3666,0,74,2268,0
REFIT-H1-COACT-000004,washer+dishwasher,context_after,975219,2013-12-28 04:34:47,1388205287,3666,0,74,2268,0
REFIT-H1-COACT-000005,washer+dishwasher,context_before,975219,2013-12-28 04:34:47,1388205287,3666,0,74,2268,0
REFIT-H1-COACT-000006,washer+dishwasher,context_before,975219,2013-12-28 04:34:47,1388205287,3666,0,74,2268,0
REFIT-H1-COACT-000003,washer+dishwasher,context_after,975220,2013-12-28 04:34:49,1388205289,3666,0,62,2268,0
REFIT-H1-COACT-000004,washer+dishwasher,context_after,975220,2013-12-28 04:34:49,1388205289,3666,0,62,2268,0
REFIT-H1-COACT-000005,washer+dishwasher,context_before,975220,2013-12-28 04:34:49,1388205289,3666,0,62,2268,0
REFIT-H1-COACT-000006,washer+dishwasher,context_before,975220,2013-12-28 04:34:49,1388205289,3666,0,62,2268,0
REFIT-H1-COACT-000003,washer+dishwasher,context_after,975221,2013-12-28 04:35:01,1388205301,3667,0,80,2228,0
REFIT-H1-COACT-000004,washer+dishwasher,context_after,975221,2013-12-28 04:35:01,1388205301,3667,0,80,2228,0
REFIT-H1-COACT-000005,washer+dishwasher,context_before,975221,2013-12-28 04:35:01,1388205301,3667,0,80,2228,0
REFIT-H1-COACT-000006,washer+dishwasher,context_before,975221,2013-12-28 04:35:01,1388205301,3667,0,80,2228,0
REFIT-H1-COACT-000003,washer+dishwasher,context_after,975222,2013-12-28 04:35:04,1388205304,3667,0,80,2216,0
REFIT-H1-COACT-000004,washer+dishwasher,context_after,975222,2013-12-28 04:35:04,1388205304,3667,0,80,2216,0
REFIT-H1-COACT-000005,washer+dishwasher,context_before,975222,2013-12-28 04:35:04,1388205304,3667,0,80,2216,0
REFIT-H1-COACT-000006,washer+dishwasher,context_before,975222,2013-12-28 04:35:04,1388205304,3667,0,80,2216,0
REFIT-H1-COACT-000003,washer+dishwasher,context_after,975223,2013-12-28 04:35:16,1388205316,3735,0,130,2248,0
REFIT-H1-COACT-000004,washer+dishwasher,context_after,975223,2013-12-28 04:35:16,1388205316,3735,0,130,2248,0
REFIT-H1-COACT-000005,washer+dishwasher,candidate_window,975223,2013-12-28 04:35:16,1388205316,3735,0,130,2248,0
REFIT-H1-COACT-000006,washer+dishwasher,context_before,975223,2013-12-28 04:35:16,1388205316,3735,0,130,2248,0
REFIT-H1-COACT-000003,washer+dishwasher,context_after,975224,2013-12-28 04:35:19,1388205319,3735,0,130,2248,0
REFIT-H1-COACT-000004,washer+dishwasher,context_after,975224,2013-12-28 04:35:19,1388205319,3735,0,130,2248,0
REFIT-H1-COACT-000005,washer+dishwasher,candidate_window,975224,2013-12-28 04:35:19,1388205319,3735,0,130,2248,0
REFIT-H1-COACT-000006,washer+dishwasher,context_before,975224,2013-12-28 04:35:19,1388205319,3735,0,130,2248,0
REFIT-H1-COACT-000003,washer+dishwasher,context_after,975225,2013-12-28 04:35:31,1388205331,3774,0,91,2244,0
REFIT-H1-COACT-000004,washer+dishwasher,context_after,975225,2013-12-28 04:35:31,1388205331,3774,0,91,2244,0
REFIT-H1-COACT-000005,washer+dishwasher,context_after,975225,2013-12-28 04:35:31,1388205331,3774,0,91,2244,0
REFIT-H1-COACT-000006,washer+dishwasher,context_before,975225,2013-12-28 04:35:31,1388205331,3774,0,91,2244,0
REFIT-H1-COACT-000003,washer+dishwasher,context_after,975226,2013-12-28 04:35:33,1388205333,3774,0,69,2244,0
REFIT-H1-COACT-000004,washer+dishwasher,context_after,975226,2013-12-28 04:35:33,1388205333,3774,0,69,2244,0
REFIT-H1-COACT-000005,washer+dishwasher,context_after,975226,2013-12-28 04:35:33,1388205333,3774,0,69,2244,0
REFIT-H1-COACT-000006,washer+dishwasher,context_before,975226,2013-12-28 04:35:33,1388205333,3774,0,69,2244,0
REFIT-H1-COACT-000003,washer+dishwasher,context_after,975227,2013-12-28 04:35:48,1388205348,3658,0,69,2248,0
REFIT-H1-COACT-000004,washer+dishwasher,context_after,975227,2013-12-28 04:35:48,1388205348,3658,0,69,2248,0
REFIT-H1-COACT-000005,washer+dishwasher,context_after,975227,2013-12-28 04:35:48,1388205348,3658,0,69,2248,0
REFIT-H1-COACT-000006,washer+dishwasher,context_before,975227,2013-12-28 04:35:48,1388205348,3658,0,69,2248,0
REFIT-H1-COACT-000003,washer+dishwasher,context_after,975228,2013-12-28 04:36:02,1388205362,3641,0,25,2236,0
REFIT-H1-COACT-000004,washer+dishwasher,context_after,975228,2013-12-28 04:36:02,1388205362,3641,0,25,2236,0
REFIT-H1-COACT-000005,washer+dishwasher,context_after,975228,2013-12-28 04:36:02,1388205362,3641,0,25,2236,0
REFIT-H1-COACT-000006,washer+dishwasher,context_before,975228,2013-12-28 04:36:02,1388205362,3641,0,25,2236,0
REFIT-H1-COACT-000003,washer+dishwasher,context_after,975229,2013-12-28 04:36:03,1388205363,3641,0,25,2236,0
REFIT-H1-COACT-000004,washer+dishwasher,context_after,975229,2013-12-28 04:36:03,1388205363,3641,0,25,2236,0
REFIT-H1-COACT-000005,washer+dishwasher,context_after,975229,2013-12-28 04:36:03,1388205363,3641,0,25,2236,0
REFIT-H1-COACT-000006,washer+dishwasher,context_before,975229,2013-12-28 04:36:03,1388205363,3641,0,25,2236,0
REFIT-H1-COACT-000003,washer+dishwasher,context_after,975230,2013-12-28 04:36:17,1388205377,3781,0,71,2220,0
REFIT-H1-COACT-000004,washer+dishwasher,context_after,975230,2013-12-28 04:36:17,1388205377,3781,0,71,2220,0
REFIT-H1-COACT-000005,washer+dishwasher,context_after,975230,2013-12-28 04:36:17,1388205377,3781,0,71,2220,0
REFIT-H1-COACT-000006,washer+dishwasher,context_before,975230,2013-12-28 04:36:17,1388205377,3781,0,71,2220,0
REFIT-H1-COACT-000003,washer+dishwasher,context_after,975231,2013-12-28 04:36:19,1388205379,3781,0,71,2220,0
REFIT-H1-COACT-000004,washer+dishwasher,context_after,975231,2013-12-28 04:36:19,1388205379,3781,0,71,2220,0
REFIT-H1-COACT-000005,washer+dishwasher,context_after,975231,2013-12-28 04:36:19,1388205379,3781,0,71,2220,0
REFIT-H1-COACT-000006,washer+dishwasher,context_before,975231,2013-12-28 04:36:19,1388205379,3781,0,71,2220,0
REFIT-H1-COACT-000007,washer+dishwasher,context_before,975231,2013-12-28 04:36:19,1388205379,3781,0,71,2220,0
REFIT-H1-COACT-000003,washer+dishwasher,context_after,975232,2013-12-28 04:36:32,1388205392,3710,0,63,2228,0
REFIT-H1-COACT-000004,washer+dishwasher,context_after,975232,2013-12-28 04:36:32,1388205392,3710,0,63,2228,0
REFIT-H1-COACT-000005,washer+dishwasher,context_after,975232,2013-12-28 04:36:32,1388205392,3710,0,63,2228,0
REFIT-H1-COACT-000006,washer+dishwasher,context_before,975232,2013-12-28 04:36:32,1388205392,3710,0,63,2228,0
REFIT-H1-COACT-000007,washer+dishwasher,context_before,975232,2013-12-28 04:36:32,1388205392,3710,0,63,2228,0
REFIT-H1-COACT-000004,washer+dishwasher,context_after,975233,2013-12-28 04:36:33,1388205393,3710,0,63,2228,0
REFIT-H1-COACT-000005,washer+dishwasher,context_after,975233,2013-12-28 04:36:33,1388205393,3710,0,63,2228,0
REFIT-H1-COACT-000006,washer+dishwasher,context_before,975233,2013-12-28 04:36:33,1388205393,3710,0,63,2228,0
REFIT-H1-COACT-000007,washer+dishwasher,context_before,975233,2013-12-28 04:36:33,1388205393,3710,0,63,2228,0
REFIT-H1-COACT-000004,washer+dishwasher,context_after,975234,2013-12-28 04:36:47,1388205407,3639,0,139,2201,0
REFIT-H1-COACT-000005,washer+dishwasher,context_after,975234,2013-12-28 04:36:47,1388205407,3639,0,139,2201,0
REFIT-H1-COACT-000006,washer+dishwasher,candidate_window,975234,2013-12-28 04:36:47,1388205407,3639,0,139,2201,0
REFIT-H1-COACT-000007,washer+dishwasher,context_before,975234,2013-12-28 04:36:47,1388205407,3639,0,139,2201,0
REFIT-H1-COACT-000004,washer+dishwasher,context_after,975235,2013-12-28 04:36:48,1388205408,3639,0,139,2193,0
REFIT-H1-COACT-000005,washer+dishwasher,context_after,975235,2013-12-28 04:36:48,1388205408,3639,0,139,2193,0
REFIT-H1-COACT-000006,washer+dishwasher,candidate_window,975235,2013-12-28 04:36:48,1388205408,3639,0,139,2193,0
REFIT-H1-COACT-000007,washer+dishwasher,context_before,975235,2013-12-28 04:36:48,1388205408,3639,0,139,2193,0
REFIT-H1-COACT-000004,washer+dishwasher,context_after,975236,2013-12-28 04:37:01,1388205421,3854,0,251,2201,0
REFIT-H1-COACT-000005,washer+dishwasher,context_after,975236,2013-12-28 04:37:01,1388205421,3854,0,251,2201,0
REFIT-H1-COACT-000006,washer+dishwasher,candidate_window,975236,2013-12-28 04:37:01,1388205421,3854,0,251,2201,0
REFIT-H1-COACT-000007,washer+dishwasher,context_before,975236,2013-12-28 04:37:01,1388205421,3854,0,251,2201,0
REFIT-H1-COACT-000004,washer+dishwasher,context_after,975237,2013-12-28 04:37:03,1388205423,3854,0,251,2201,0
REFIT-H1-COACT-000005,washer+dishwasher,context_after,975237,2013-12-28 04:37:03,1388205423,3854,0,251,2201,0
REFIT-H1-COACT-000006,washer+dishwasher,candidate_window,975237,2013-12-28 04:37:03,1388205423,3854,0,251,2201,0
REFIT-H1-COACT-000007,washer+dishwasher,context_before,975237,2013-12-28 04:37:03,1388205423,3854,0,251,2201,0
REFIT-H1-COACT-000004,washer+dishwasher,context_after,975238,2013-12-28 04:37:16,1388205436,3848,0,225,2244,0
REFIT-H1-COACT-000005,washer+dishwasher,context_after,975238,2013-12-28 04:37:16,1388205436,3848,0,225,2244,0
REFIT-H1-COACT-000006,washer+dishwasher,candidate_window,975238,2013-12-28 04:37:16,1388205436,3848,0,225,2244,0
REFIT-H1-COACT-000007,washer+dishwasher,context_before,975238,2013-12-28 04:37:16,1388205436,3848,0,225,2244,0
REFIT-H1-COACT-000008,washer+dishwasher,context_before,975238,2013-12-28 04:37:16,1388205436,3848,0,225,2244,0
REFIT-H1-COACT-000004,washer+dishwasher,context_after,975239,2013-12-28 04:37:18,1388205438,3848,0,223,2244,0
REFIT-H1-COACT-000005,washer+dishwasher,context_after,975239,2013-12-28 04:37:18,1388205438,3848,0,223,2244,0
REFIT-H1-COACT-000006,washer+dishwasher,candidate_window,975239,2013-12-28 04:37:18,1388205438,3848,0,223,2244,0
REFIT-H1-COACT-000007,washer+dishwasher,context_before,975239,2013-12-28 04:37:18,1388205438,3848,0,223,2244,0
REFIT-H1-COACT-000008,washer+dishwasher,context_before,975239,2013-12-28 04:37:18,1388205438,3848,0,223,2244,0
REFIT-H1-COACT-000004,washer+dishwasher,context_after,975240,2013-12-28 04:37:19,1388205439,3848,0,223,2197,0
REFIT-H1-COACT-000005,washer+dishwasher,context_after,975240,2013-12-28 04:37:19,1388205439,3848,0,223,2197,0
REFIT-H1-COACT-000006,washer+dishwasher,candidate_window,975240,2013-12-28 04:37:19,1388205439,3848,0,223,2197,0
REFIT-H1-COACT-000007,washer+dishwasher,context_before,975240,2013-12-28 04:37:19,1388205439,3848,0,223,2197,0
REFIT-H1-COACT-000008,washer+dishwasher,context_before,975240,2013-12-28 04:37:19,1388205439,3848,0,223,2197,0
REFIT-H1-COACT-000004,washer+dishwasher,context_after,975241,2013-12-28 04:37:31,1388205451,3883,0,25,2248,0
REFIT-H1-COACT-000005,washer+dishwasher,context_after,975241,2013-12-28 04:37:31,1388205451,3883,0,25,2248,0
REFIT-H1-COACT-000006,washer+dishwasher,context_after,975241,2013-12-28 04:37:31,1388205451,3883,0,25,2248,0
REFIT-H1-COACT-000007,washer+dishwasher,context_before,975241,2013-12-28 04:37:31,1388205451,3883,0,25,2248,0
REFIT-H1-COACT-000008,washer+dishwasher,context_before,975241,2013-12-28 04:37:31,1388205451,3883,0,25,2248,0
REFIT-H1-COACT-000004,washer+dishwasher,context_after,975242,2013-12-28 04:37:32,1388205452,3883,0,25,2248,0
REFIT-H1-COACT-000005,washer+dishwasher,context_after,975242,2013-12-28 04:37:32,1388205452,3883,0,25,2248,0
REFIT-H1-COACT-000006,washer+dishwasher,context_after,975242,2013-12-28 04:37:32,1388205452,3883,0,25,2248,0
REFIT-H1-COACT-000007,washer+dishwasher,context_before,975242,2013-12-28 04:37:32,1388205452,3883,0,25,2248,0
REFIT-H1-COACT-000008,washer+dishwasher,context_before,975242,2013-12-28 04:37:32,1388205452,3883,0,25,2248,0
REFIT-H1-COACT-000004,washer+dishwasher,context_after,975243,2013-12-28 04:37:34,1388205454,3843,0,25,2248,0
REFIT-H1-COACT-000005,washer+dishwasher,context_after,975243,2013-12-28 04:37:34,1388205454,3843,0,25,2248,0
REFIT-H1-COACT-000006,washer+dishwasher,context_after,975243,2013-12-28 04:37:34,1388205454,3843,0,25,2248,0
REFIT-H1-COACT-000007,washer+dishwasher,context_before,975243,2013-12-28 04:37:34,1388205454,3843,0,25,2248,0
REFIT-H1-COACT-000008,washer+dishwasher,context_before,975243,2013-12-28 04:37:34,1388205454,3843,0,25,2248,0
REFIT-H1-COACT-000005,washer+dishwasher,context_after,975244,2013-12-28 04:37:47,1388205467,3600,0,32,2220,0
REFIT-H1-COACT-000006,washer+dishwasher,context_after,975244,2013-12-28 04:37:47,1388205467,3600,0,32,2220,0
REFIT-H1-COACT-000007,washer+dishwasher,context_before,975244,2013-12-28 04:37:47,1388205467,3600,0,32,2220,0
REFIT-H1-COACT-000008,washer+dishwasher,context_before,975244,2013-12-28 04:37:47,1388205467,3600,0,32,2220,0
REFIT-H1-COACT-000005,washer+dishwasher,context_after,975245,2013-12-28 04:37:49,1388205469,3600,0,6,2220,0
REFIT-H1-COACT-000006,washer+dishwasher,context_after,975245,2013-12-28 04:37:49,1388205469,3600,0,6,2220,0
REFIT-H1-COACT-000007,washer+dishwasher,context_before,975245,2013-12-28 04:37:49,1388205469,3600,0,6,2220,0
REFIT-H1-COACT-000008,washer+dishwasher,context_before,975245,2013-12-28 04:37:49,1388205469,3600,0,6,2220,0
REFIT-H1-COACT-000005,washer+dishwasher,context_after,975246,2013-12-28 04:38:02,1388205482,3616,0,9,2256,0
REFIT-H1-COACT-000006,washer+dishwasher,context_after,975246,2013-12-28 04:38:02,1388205482,3616,0,9,2256,0
REFIT-H1-COACT-000007,washer+dishwasher,context_before,975246,2013-12-28 04:38:02,1388205482,3616,0,9,2256,0
REFIT-H1-COACT-000008,washer+dishwasher,context_before,975246,2013-12-28 04:38:02,1388205482,3616,0,9,2256,0
REFIT-H1-COACT-000005,washer+dishwasher,context_after,975247,2013-12-28 04:38:03,1388205483,3616,0,9,2256,0
REFIT-H1-COACT-000006,washer+dishwasher,context_after,975247,2013-12-28 04:38:03,1388205483,3616,0,9,2256,0
REFIT-H1-COACT-000007,washer+dishwasher,context_before,975247,2013-12-28 04:38:03,1388205483,3616,0,9,2256,0
REFIT-H1-COACT-000008,washer+dishwasher,context_before,975247,2013-12-28 04:38:03,1388205483,3616,0,9,2256,0
REFIT-H1-COACT-000005,washer+dishwasher,context_after,975248,2013-12-28 04:38:16,1388205496,3601,0,9,2208,0
REFIT-H1-COACT-000006,washer+dishwasher,context_after,975248,2013-12-28 04:38:16,1388205496,3601,0,9,2208,0
REFIT-H1-COACT-000007,washer+dishwasher,context_before,975248,2013-12-28 04:38:16,1388205496,3601,0,9,2208,0
REFIT-H1-COACT-000008,washer+dishwasher,context_before,975248,2013-12-28 04:38:16,1388205496,3601,0,9,2208,0
REFIT-H1-COACT-000005,washer+dishwasher,context_after,975249,2013-12-28 04:38:18,1388205498,3616,0,9,2208,0
REFIT-H1-COACT-000006,washer+dishwasher,context_after,975249,2013-12-28 04:38:18,1388205498,3616,0,9,2208,0
REFIT-H1-COACT-000007,washer+dishwasher,context_before,975249,2013-12-28 04:38:18,1388205498,3616,0,9,2208,0
REFIT-H1-COACT-000008,washer+dishwasher,context_before,975249,2013-12-28 04:38:18,1388205498,3616,0,9,2208,0
REFIT-H1-COACT-000005,washer+dishwasher,context_after,975250,2013-12-28 04:38:19,1388205499,3616,0,9,2208,0
REFIT-H1-COACT-000006,washer+dishwasher,context_after,975250,2013-12-28 04:38:19,1388205499,3616,0,9,2208,0
REFIT-H1-COACT-000007,washer+dishwasher,context_before,975250,2013-12-28 04:38:19,1388205499,3616,0,9,2208,0
REFIT-H1-COACT-000008,washer+dishwasher,context_before,975250,2013-12-28 04:38:19,1388205499,3616,0,9,2208,0
REFIT-H1-COACT-000005,washer+dishwasher,context_after,975251,2013-12-28 04:38:31,1388205511,3579,0,8,2216,0
REFIT-H1-COACT-000006,washer+dishwasher,context_after,975251,2013-12-28 04:38:31,1388205511,3579,0,8,2216,0
REFIT-H1-COACT-000007,washer+dishwasher,context_before,975251,2013-12-28 04:38:31,1388205511,3579,0,8,2216,0
REFIT-H1-COACT-000008,washer+dishwasher,context_before,975251,2013-12-28 04:38:31,1388205511,3579,0,8,2216,0
REFIT-H1-COACT-000005,washer+dishwasher,context_after,975252,2013-12-28 04:38:33,1388205513,3579,0,9,2216,0
REFIT-H1-COACT-000006,washer+dishwasher,context_after,975252,2013-12-28 04:38:33,1388205513,3579,0,9,2216,0
REFIT-H1-COACT-000007,washer+dishwasher,context_before,975252,2013-12-28 04:38:33,1388205513,3579,0,9,2216,0
REFIT-H1-COACT-000008,washer+dishwasher,context_before,975252,2013-12-28 04:38:33,1388205513,3579,0,9,2216,0
REFIT-H1-COACT-000005,washer+dishwasher,context_after,975253,2013-12-28 04:38:34,1388205514,3579,0,9,2240,0
REFIT-H1-COACT-000006,washer+dishwasher,context_after,975253,2013-12-28 04:38:34,1388205514,3579,0,9,2240,0
REFIT-H1-COACT-000007,washer+dishwasher,context_before,975253,2013-12-28 04:38:34,1388205514,3579,0,9,2240,0
REFIT-H1-COACT-000008,washer+dishwasher,context_before,975253,2013-12-28 04:38:34,1388205514,3579,0,9,2240,0
REFIT-H1-COACT-000005,washer+dishwasher,context_after,975254,2013-12-28 04:38:47,1388205527,3588,0,9,2197,0
REFIT-H1-COACT-000006,washer+dishwasher,context_after,975254,2013-12-28 04:38:47,1388205527,3588,0,9,2197,0
REFIT-H1-COACT-000007,washer+dishwasher,context_before,975254,2013-12-28 04:38:47,1388205527,3588,0,9,2197,0
REFIT-H1-COACT-000008,washer+dishwasher,context_before,975254,2013-12-28 04:38:47,1388205527,3588,0,9,2197,0
REFIT-H1-COACT-000006,washer+dishwasher,context_after,975255,2013-12-28 04:38:49,1388205529,3588,0,9,2197,0
REFIT-H1-COACT-000007,washer+dishwasher,context_before,975255,2013-12-28 04:38:49,1388205529,3588,0,9,2197,0
REFIT-H1-COACT-000008,washer+dishwasher,context_before,975255,2013-12-28 04:38:49,1388205529,3588,0,9,2197,0
REFIT-H1-COACT-000006,washer+dishwasher,context_after,975256,2013-12-28 04:39:02,1388205542,3587,0,9,2236,0
REFIT-H1-COACT-000007,washer+dishwasher,context_before,975256,2013-12-28 04:39:02,1388205542,3587,0,9,2236,0
REFIT-H1-COACT-000008,washer+dishwasher,context_before,975256,2013-12-28 04:39:02,1388205542,3587,0,9,2236,0
REFIT-H1-COACT-000006,washer+dishwasher,context_after,975257,2013-12-28 04:39:03,1388205543,3580,0,9,2236,0
REFIT-H1-COACT-000007,washer+dishwasher,context_before,975257,2013-12-28 04:39:03,1388205543,3580,0,9,2236,0
REFIT-H1-COACT-000008,washer+dishwasher,context_before,975257,2013-12-28 04:39:03,1388205543,3580,0,9,2236,0
REFIT-H1-COACT-000006,washer+dishwasher,context_after,975258,2013-12-28 04:39:17,1388205557,3681,0,18,2248,0
REFIT-H1-COACT-000007,washer+dishwasher,context_before,975258,2013-12-28 04:39:17,1388205557,3681,0,18,2248,0
REFIT-H1-COACT-000008,washer+dishwasher,context_before,975258,2013-12-28 04:39:17,1388205557,3681,0,18,2248,0
REFIT-H1-COACT-000009,washer+dishwasher,context_before,975258,2013-12-28 04:39:17,1388205557,3681,0,18,2248,0
REFIT-H1-COACT-000006,washer+dishwasher,context_after,975259,2013-12-28 04:39:18,1388205558,3681,0,18,2248,0
REFIT-H1-COACT-000007,washer+dishwasher,context_before,975259,2013-12-28 04:39:18,1388205558,3681,0,18,2248,0
REFIT-H1-COACT-000008,washer+dishwasher,context_before,975259,2013-12-28 04:39:18,1388205558,3681,0,18,2248,0
REFIT-H1-COACT-000009,washer+dishwasher,context_before,975259,2013-12-28 04:39:18,1388205558,3681,0,18,2248,0
REFIT-H1-COACT-000006,washer+dishwasher,context_after,975260,2013-12-28 04:39:19,1388205559,3681,0,18,2248,0
REFIT-H1-COACT-000007,washer+dishwasher,context_before,975260,2013-12-28 04:39:19,1388205559,3681,0,18,2248,0
REFIT-H1-COACT-000008,washer+dishwasher,context_before,975260,2013-12-28 04:39:19,1388205559,3681,0,18,2248,0
REFIT-H1-COACT-000009,washer+dishwasher,context_before,975260,2013-12-28 04:39:19,1388205559,3681,0,18,2248,0
REFIT-H1-COACT-000006,washer+dishwasher,context_after,975261,2013-12-28 04:39:31,1388205571,3605,0,124,2252,0
REFIT-H1-COACT-000007,washer+dishwasher,candidate_window,975261,2013-12-28 04:39:31,1388205571,3605,0,124,2252,0
REFIT-H1-COACT-000008,washer+dishwasher,context_before,975261,2013-12-28 04:39:31,1388205571,3605,0,124,2252,0
REFIT-H1-COACT-000009,washer+dishwasher,context_before,975261,2013-12-28 04:39:31,1388205571,3605,0,124,2252,0
REFIT-H1-COACT-000006,washer+dishwasher,context_after,975262,2013-12-28 04:39:33,1388205573,3605,0,124,2252,0
REFIT-H1-COACT-000007,washer+dishwasher,candidate_window,975262,2013-12-28 04:39:33,1388205573,3605,0,124,2252,0
REFIT-H1-COACT-000008,washer+dishwasher,context_before,975262,2013-12-28 04:39:33,1388205573,3605,0,124,2252,0
REFIT-H1-COACT-000009,washer+dishwasher,context_before,975262,2013-12-28 04:39:33,1388205573,3605,0,124,2252,0
REFIT-H1-COACT-000006,washer+dishwasher,context_after,975263,2013-12-28 04:39:48,1388205588,3605,0,126,2236,0
REFIT-H1-COACT-000007,washer+dishwasher,candidate_window,975263,2013-12-28 04:39:48,1388205588,3605,0,126,2236,0
REFIT-H1-COACT-000008,washer+dishwasher,context_before,975263,2013-12-28 04:39:48,1388205588,3605,0,126,2236,0
REFIT-H1-COACT-000009,washer+dishwasher,context_before,975263,2013-12-28 04:39:48,1388205588,3605,0,126,2236,0
REFIT-H1-COACT-000006,washer+dishwasher,context_after,975264,2013-12-28 04:40:02,1388205602,3626,0,3,2212,0
REFIT-H1-COACT-000007,washer+dishwasher,context_after,975264,2013-12-28 04:40:02,1388205602,3626,0,3,2212,0
REFIT-H1-COACT-000008,washer+dishwasher,context_before,975264,2013-12-28 04:40:02,1388205602,3626,0,3,2212,0
REFIT-H1-COACT-000009,washer+dishwasher,context_before,975264,2013-12-28 04:40:02,1388205602,3626,0,3,2212,0
REFIT-H1-COACT-000006,washer+dishwasher,context_after,975265,2013-12-28 04:40:03,1388205603,3626,0,3,2212,0
REFIT-H1-COACT-000007,washer+dishwasher,context_after,975265,2013-12-28 04:40:03,1388205603,3626,0,3,2212,0
REFIT-H1-COACT-000008,washer+dishwasher,context_before,975265,2013-12-28 04:40:03,1388205603,3626,0,3,2212,0
REFIT-H1-COACT-000009,washer+dishwasher,context_before,975265,2013-12-28 04:40:03,1388205603,3626,0,3,2212,0
REFIT-H1-COACT-000010,washer+dishwasher,context_before,975265,2013-12-28 04:40:03,1388205603,3626,0,3,2212,0
REFIT-H1-COACT-000006,washer+dishwasher,context_after,975266,2013-12-28 04:40:17,1388205617,3759,0,34,2240,0
REFIT-H1-COACT-000007,washer+dishwasher,context_after,975266,2013-12-28 04:40:17,1388205617,3759,0,34,2240,0
REFIT-H1-COACT-000008,washer+dishwasher,context_before,975266,2013-12-28 04:40:17,1388205617,3759,0,34,2240,0
REFIT-H1-COACT-000009,washer+dishwasher,context_before,975266,2013-12-28 04:40:17,1388205617,3759,0,34,2240,0
REFIT-H1-COACT-000010,washer+dishwasher,context_before,975266,2013-12-28 04:40:17,1388205617,3759,0,34,2240,0
REFIT-H1-COACT-000006,washer+dishwasher,context_after,975267,2013-12-28 04:40:18,1388205618,3759,0,34,2240,0
REFIT-H1-COACT-000007,washer+dishwasher,context_after,975267,2013-12-28 04:40:18,1388205618,3759,0,34,2240,0
REFIT-H1-COACT-000008,washer+dishwasher,context_before,975267,2013-12-28 04:40:18,1388205618,3759,0,34,2240,0
REFIT-H1-COACT-000009,washer+dishwasher,context_before,975267,2013-12-28 04:40:18,1388205618,3759,0,34,2240,0
REFIT-H1-COACT-000010,washer+dishwasher,context_before,975267,2013-12-28 04:40:18,1388205618,3759,0,34,2240,0
REFIT-H1-COACT-000006,washer+dishwasher,context_after,975268,2013-12-28 04:40:19,1388205619,3759,0,118,2212,0
REFIT-H1-COACT-000007,washer+dishwasher,context_after,975268,2013-12-28 04:40:19,1388205619,3759,0,118,2212,0
REFIT-H1-COACT-000008,washer+dishwasher,candidate_window,975268,2013-12-28 04:40:19,1388205619,3759,0,118,2212,0
REFIT-H1-COACT-000009,washer+dishwasher,context_before,975268,2013-12-28 04:40:19,1388205619,3759,0,118,2212,0
REFIT-H1-COACT-000010,washer+dishwasher,context_before,975268,2013-12-28 04:40:19,1388205619,3759,0,118,2212,0
REFIT-H1-COACT-000006,washer+dishwasher,context_after,975269,2013-12-28 04:40:32,1388205632,3690,0,102,2228,0
REFIT-H1-COACT-000007,washer+dishwasher,context_after,975269,2013-12-28 04:40:32,1388205632,3690,0,102,2228,0
REFIT-H1-COACT-000008,washer+dishwasher,candidate_window,975269,2013-12-28 04:40:32,1388205632,3690,0,102,2228,0
REFIT-H1-COACT-000009,washer+dishwasher,context_before,975269,2013-12-28 04:40:32,1388205632,3690,0,102,2228,0
REFIT-H1-COACT-000010,washer+dishwasher,context_before,975269,2013-12-28 04:40:32,1388205632,3690,0,102,2228,0
REFIT-H1-COACT-000006,washer+dishwasher,context_after,975270,2013-12-28 04:40:34,1388205634,3703,0,102,2228,0
REFIT-H1-COACT-000007,washer+dishwasher,context_after,975270,2013-12-28 04:40:34,1388205634,3703,0,102,2228,0
REFIT-H1-COACT-000008,washer+dishwasher,candidate_window,975270,2013-12-28 04:40:34,1388205634,3703,0,102,2228,0
REFIT-H1-COACT-000009,washer+dishwasher,context_before,975270,2013-12-28 04:40:34,1388205634,3703,0,102,2228,0
REFIT-H1-COACT-000010,washer+dishwasher,context_before,975270,2013-12-28 04:40:34,1388205634,3703,0,102,2228,0
REFIT-H1-COACT-000007,washer+dishwasher,context_after,975271,2013-12-28 04:40:47,1388205647,3671,0,81,2220,0
REFIT-H1-COACT-000008,washer+dishwasher,context_after,975271,2013-12-28 04:40:47,1388205647,3671,0,81,2220,0
REFIT-H1-COACT-000009,washer+dishwasher,context_before,975271,2013-12-28 04:40:47,1388205647,3671,0,81,2220,0
REFIT-H1-COACT-000010,washer+dishwasher,context_before,975271,2013-12-28 04:40:47,1388205647,3671,0,81,2220,0
REFIT-H1-COACT-000007,washer+dishwasher,context_after,975272,2013-12-28 04:40:48,1388205648,3671,0,81,2220,0
REFIT-H1-COACT-000008,washer+dishwasher,context_after,975272,2013-12-28 04:40:48,1388205648,3671,0,81,2220,0
REFIT-H1-COACT-000009,washer+dishwasher,context_before,975272,2013-12-28 04:40:48,1388205648,3671,0,81,2220,0
REFIT-H1-COACT-000010,washer+dishwasher,context_before,975272,2013-12-28 04:40:48,1388205648,3671,0,81,2220,0
REFIT-H1-COACT-000007,washer+dishwasher,context_after,975273,2013-12-28 04:41:02,1388205662,3671,0,26,2232,0
REFIT-H1-COACT-000008,washer+dishwasher,context_after,975273,2013-12-28 04:41:02,1388205662,3671,0,26,2232,0
REFIT-H1-COACT-000009,washer+dishwasher,context_before,975273,2013-12-28 04:41:02,1388205662,3671,0,26,2232,0
REFIT-H1-COACT-000010,washer+dishwasher,context_before,975273,2013-12-28 04:41:02,1388205662,3671,0,26,2232,0
REFIT-H1-COACT-000007,washer+dishwasher,context_after,975274,2013-12-28 04:41:03,1388205663,3671,0,33,2248,0
REFIT-H1-COACT-000008,washer+dishwasher,context_after,975274,2013-12-28 04:41:03,1388205663,3671,0,33,2248,0
REFIT-H1-COACT-000009,washer+dishwasher,context_before,975274,2013-12-28 04:41:03,1388205663,3671,0,33,2248,0
REFIT-H1-COACT-000010,washer+dishwasher,context_before,975274,2013-12-28 04:41:03,1388205663,3671,0,33,2248,0
REFIT-H1-COACT-000007,washer+dishwasher,context_after,975275,2013-12-28 04:41:16,1388205676,3613,0,3,2232,0
REFIT-H1-COACT-000008,washer+dishwasher,context_after,975275,2013-12-28 04:41:16,1388205676,3613,0,3,2232,0
REFIT-H1-COACT-000009,washer+dishwasher,context_before,975275,2013-12-28 04:41:16,1388205676,3613,0,3,2232,0
REFIT-H1-COACT-000010,washer+dishwasher,context_before,975275,2013-12-28 04:41:16,1388205676,3613,0,3,2232,0
REFIT-H1-COACT-000007,washer+dishwasher,context_after,975276,2013-12-28 04:41:18,1388205678,3613,0,3,2232,0
REFIT-H1-COACT-000008,washer+dishwasher,context_after,975276,2013-12-28 04:41:18,1388205678,3613,0,3,2232,0
REFIT-H1-COACT-000009,washer+dishwasher,context_before,975276,2013-12-28 04:41:18,1388205678,3613,0,3,2232,0
REFIT-H1-COACT-000010,washer+dishwasher,context_before,975276,2013-12-28 04:41:18,1388205678,3613,0,3,2232,0
REFIT-H1-COACT-000007,washer+dishwasher,context_after,975277,2013-12-28 04:41:19,1388205679,3613,0,3,2232,0
REFIT-H1-COACT-000008,washer+dishwasher,context_after,975277,2013-12-28 04:41:19,1388205679,3613,0,3,2232,0
REFIT-H1-COACT-000009,washer+dishwasher,context_before,975277,2013-12-28 04:41:19,1388205679,3613,0,3,2232,0
REFIT-H1-COACT-000010,washer+dishwasher,context_before,975277,2013-12-28 04:41:19,1388205679,3613,0,3,2232,0
REFIT-H1-COACT-000007,washer+dishwasher,context_after,975278,2013-12-28 04:41:31,1388205691,3608,0,3,2228,0
REFIT-H1-COACT-000008,washer+dishwasher,context_after,975278,2013-12-28 04:41:31,1388205691,3608,0,3,2228,0
REFIT-H1-COACT-000009,washer+dishwasher,context_before,975278,2013-12-28 04:41:31,1388205691,3608,0,3,2228,0
REFIT-H1-COACT-000010,washer+dishwasher,context_before,975278,2013-12-28 04:41:31,1388205691,3608,0,3,2228,0
REFIT-H1-COACT-000007,washer+dishwasher,context_after,975279,2013-12-28 04:41:32,1388205692,3620,0,3,2228,0
REFIT-H1-COACT-000008,washer+dishwasher,context_after,975279,2013-12-28 04:41:32,1388205692,3620,0,3,2228,0
REFIT-H1-COACT-000009,washer+dishwasher,context_before,975279,2013-12-28 04:41:32,1388205692,3620,0,3,2228,0
REFIT-H1-COACT-000010,washer+dishwasher,context_before,975279,2013-12-28 04:41:32,1388205692,3620,0,3,2228,0
REFIT-H1-COACT-000007,washer+dishwasher,context_after,975280,2013-12-28 04:41:33,1388205693,3620,0,3,2228,0
REFIT-H1-COACT-000008,washer+dishwasher,context_after,975280,2013-12-28 04:41:33,1388205693,3620,0,3,2228,0
REFIT-H1-COACT-000009,washer+dishwasher,context_before,975280,2013-12-28 04:41:33,1388205693,3620,0,3,2228,0
REFIT-H1-COACT-000010,washer+dishwasher,context_before,975280,2013-12-28 04:41:33,1388205693,3620,0,3,2228,0
REFIT-H1-COACT-000007,washer+dishwasher,context_after,975281,2013-12-28 04:41:47,1388205707,3592,0,3,2212,0
REFIT-H1-COACT-000008,washer+dishwasher,context_after,975281,2013-12-28 04:41:47,1388205707,3592,0,3,2212,0
REFIT-H1-COACT-000009,washer+dishwasher,context_before,975281,2013-12-28 04:41:47,1388205707,3592,0,3,2212,0
REFIT-H1-COACT-000010,washer+dishwasher,context_before,975281,2013-12-28 04:41:47,1388205707,3592,0,3,2212,0
REFIT-H1-COACT-000007,washer+dishwasher,context_after,975282,2013-12-28 04:41:48,1388205708,3592,0,3,2212,0
REFIT-H1-COACT-000008,washer+dishwasher,context_after,975282,2013-12-28 04:41:48,1388205708,3592,0,3,2212,0
REFIT-H1-COACT-000009,washer+dishwasher,context_before,975282,2013-12-28 04:41:48,1388205708,3592,0,3,2212,0
REFIT-H1-COACT-000010,washer+dishwasher,context_before,975282,2013-12-28 04:41:48,1388205708,3592,0,3,2212,0
REFIT-H1-COACT-000007,washer+dishwasher,context_after,975283,2013-12-28 04:42:01,1388205721,3641,0,9,2240,0
REFIT-H1-COACT-000008,washer+dishwasher,context_after,975283,2013-12-28 04:42:01,1388205721,3641,0,9,2240,0
REFIT-H1-COACT-000009,washer+dishwasher,context_before,975283,2013-12-28 04:42:01,1388205721,3641,0,9,2240,0
REFIT-H1-COACT-000010,washer+dishwasher,context_before,975283,2013-12-28 04:42:01,1388205721,3641,0,9,2240,0
REFIT-H1-COACT-000007,washer+dishwasher,context_after,975284,2013-12-28 04:42:02,1388205722,3641,0,9,2240,0
REFIT-H1-COACT-000008,washer+dishwasher,context_after,975284,2013-12-28 04:42:02,1388205722,3641,0,9,2240,0
REFIT-H1-COACT-000009,washer+dishwasher,context_before,975284,2013-12-28 04:42:02,1388205722,3641,0,9,2240,0
REFIT-H1-COACT-000010,washer+dishwasher,context_before,975284,2013-12-28 04:42:02,1388205722,3641,0,9,2240,0
REFIT-H1-COACT-000007,washer+dishwasher,context_after,975285,2013-12-28 04:42:16,1388205736,3536,0,9,2220,0
REFIT-H1-COACT-000008,washer+dishwasher,context_after,975285,2013-12-28 04:42:16,1388205736,3536,0,9,2220,0
REFIT-H1-COACT-000009,washer+dishwasher,context_before,975285,2013-12-28 04:42:16,1388205736,3536,0,9,2220,0
REFIT-H1-COACT-000010,washer+dishwasher,context_before,975285,2013-12-28 04:42:16,1388205736,3536,0,9,2220,0
REFIT-H1-COACT-000007,washer+dishwasher,context_after,975286,2013-12-28 04:42:17,1388205737,3529,0,9,2220,0
REFIT-H1-COACT-000008,washer+dishwasher,context_after,975286,2013-12-28 04:42:17,1388205737,3529,0,9,2220,0
REFIT-H1-COACT-000009,washer+dishwasher,context_before,975286,2013-12-28 04:42:17,1388205737,3529,0,9,2220,0
REFIT-H1-COACT-000010,washer+dishwasher,context_before,975286,2013-12-28 04:42:17,1388205737,3529,0,9,2220,0
REFIT-H1-COACT-000007,washer+dishwasher,context_after,975287,2013-12-28 04:42:19,1388205739,3529,0,9,2220,0
REFIT-H1-COACT-000008,washer+dishwasher,context_after,975287,2013-12-28 04:42:19,1388205739,3529,0,9,2220,0
REFIT-H1-COACT-000009,washer+dishwasher,context_before,975287,2013-12-28 04:42:19,1388205739,3529,0,9,2220,0
REFIT-H1-COACT-000010,washer+dishwasher,context_before,975287,2013-12-28 04:42:19,1388205739,3529,0,9,2220,0
REFIT-H1-COACT-000007,washer+dishwasher,context_after,975288,2013-12-28 04:42:30,1388205750,3523,0,123,2236,0
REFIT-H1-COACT-000008,washer+dishwasher,context_after,975288,2013-12-28 04:42:30,1388205750,3523,0,123,2236,0
REFIT-H1-COACT-000009,washer+dishwasher,candidate_window,975288,2013-12-28 04:42:30,1388205750,3523,0,123,2236,0
REFIT-H1-COACT-000010,washer+dishwasher,context_before,975288,2013-12-28 04:42:30,1388205750,3523,0,123,2236,0
REFIT-H1-COACT-000007,washer+dishwasher,context_after,975289,2013-12-28 04:42:32,1388205752,3523,0,123,2236,0
REFIT-H1-COACT-000008,washer+dishwasher,context_after,975289,2013-12-28 04:42:32,1388205752,3523,0,123,2236,0
REFIT-H1-COACT-000009,washer+dishwasher,candidate_window,975289,2013-12-28 04:42:32,1388205752,3523,0,123,2236,0
REFIT-H1-COACT-000010,washer+dishwasher,context_before,975289,2013-12-28 04:42:32,1388205752,3523,0,123,2236,0
REFIT-H1-COACT-000007,washer+dishwasher,context_after,975290,2013-12-28 04:42:33,1388205753,3523,0,123,2236,0
REFIT-H1-COACT-000008,washer+dishwasher,context_after,975290,2013-12-28 04:42:33,1388205753,3523,0,123,2236,0
REFIT-H1-COACT-000009,washer+dishwasher,candidate_window,975290,2013-12-28 04:42:33,1388205753,3523,0,123,2236,0
REFIT-H1-COACT-000010,washer+dishwasher,context_before,975290,2013-12-28 04:42:33,1388205753,3523,0,123,2236,0
REFIT-H1-COACT-000007,washer+dishwasher,context_after,975291,2013-12-28 04:42:46,1388205766,3672,0,137,2224,0
REFIT-H1-COACT-000008,washer+dishwasher,context_after,975291,2013-12-28 04:42:46,1388205766,3672,0,137,2224,0
REFIT-H1-COACT-000009,washer+dishwasher,candidate_window,975291,2013-12-28 04:42:46,1388205766,3672,0,137,2224,0
REFIT-H1-COACT-000010,washer+dishwasher,context_before,975291,2013-12-28 04:42:46,1388205766,3672,0,137,2224,0
REFIT-H1-COACT-000007,washer+dishwasher,context_after,975292,2013-12-28 04:42:48,1388205768,3672,0,119,2197,0
REFIT-H1-COACT-000008,washer+dishwasher,context_after,975292,2013-12-28 04:42:48,1388205768,3672,0,119,2197,0
REFIT-H1-COACT-000009,washer+dishwasher,candidate_window,975292,2013-12-28 04:42:48,1388205768,3672,0,119,2197,0
REFIT-H1-COACT-000010,washer+dishwasher,context_before,975292,2013-12-28 04:42:48,1388205768,3672,0,119,2197,0
REFIT-H1-COACT-000007,washer+dishwasher,context_after,975293,2013-12-28 04:43:01,1388205781,3657,0,6,2232,0
REFIT-H1-COACT-000008,washer+dishwasher,context_after,975293,2013-12-28 04:43:01,1388205781,3657,0,6,2232,0
REFIT-H1-COACT-000009,washer+dishwasher,context_after,975293,2013-12-28 04:43:01,1388205781,3657,0,6,2232,0
REFIT-H1-COACT-000010,washer+dishwasher,context_before,975293,2013-12-28 04:43:01,1388205781,3657,0,6,2232,0
REFIT-H1-COACT-000008,washer+dishwasher,context_after,975294,2013-12-28 04:43:03,1388205783,3690,0,6,2232,0
REFIT-H1-COACT-000009,washer+dishwasher,context_after,975294,2013-12-28 04:43:03,1388205783,3690,0,6,2232,0
REFIT-H1-COACT-000010,washer+dishwasher,context_before,975294,2013-12-28 04:43:03,1388205783,3690,0,6,2232,0
REFIT-H1-COACT-000008,washer+dishwasher,context_after,975295,2013-12-28 04:43:15,1388205795,3849,0,137,2220,0
REFIT-H1-COACT-000009,washer+dishwasher,context_after,975295,2013-12-28 04:43:15,1388205795,3849,0,137,2220,0
REFIT-H1-COACT-000010,washer+dishwasher,candidate_window,975295,2013-12-28 04:43:15,1388205795,3849,0,137,2220,0
REFIT-H1-COACT-000008,washer+dishwasher,context_after,975296,2013-12-28 04:43:17,1388205797,3849,0,137,2220,0
REFIT-H1-COACT-000009,washer+dishwasher,context_after,975296,2013-12-28 04:43:17,1388205797,3849,0,137,2220,0
REFIT-H1-COACT-000010,washer+dishwasher,candidate_window,975296,2013-12-28 04:43:17,1388205797,3849,0,137,2220,0
REFIT-H1-COACT-000008,washer+dishwasher,context_after,975297,2013-12-28 04:43:19,1388205799,3849,0,112,2244,0
REFIT-H1-COACT-000009,washer+dishwasher,context_after,975297,2013-12-28 04:43:19,1388205799,3849,0,112,2244,0
REFIT-H1-COACT-000010,washer+dishwasher,candidate_window,975297,2013-12-28 04:43:19,1388205799,3849,0,112,2244,0
REFIT-H1-COACT-000008,washer+dishwasher,context_after,975298,2013-12-28 04:43:30,1388205810,3587,0,112,2212,0
REFIT-H1-COACT-000009,washer+dishwasher,context_after,975298,2013-12-28 04:43:30,1388205810,3587,0,112,2212,0
REFIT-H1-COACT-000010,washer+dishwasher,candidate_window,975298,2013-12-28 04:43:30,1388205810,3587,0,112,2212,0
REFIT-H1-COACT-000008,washer+dishwasher,context_after,975299,2013-12-28 04:43:32,1388205812,3587,0,139,2193,0
REFIT-H1-COACT-000009,washer+dishwasher,context_after,975299,2013-12-28 04:43:32,1388205812,3587,0,139,2193,0
REFIT-H1-COACT-000010,washer+dishwasher,candidate_window,975299,2013-12-28 04:43:32,1388205812,3587,0,139,2193,0
REFIT-H1-COACT-000008,washer+dishwasher,context_after,975300,2013-12-28 04:43:34,1388205814,3921,0,139,2193,0
REFIT-H1-COACT-000009,washer+dishwasher,context_after,975300,2013-12-28 04:43:34,1388205814,3921,0,139,2193,0
REFIT-H1-COACT-000010,washer+dishwasher,candidate_window,975300,2013-12-28 04:43:34,1388205814,3921,0,139,2193,0
REFIT-H1-COACT-000009,washer+dishwasher,context_after,975301,2013-12-28 04:43:46,1388205826,3767,0,119,78,0
REFIT-H1-COACT-000010,washer+dishwasher,context_after,975301,2013-12-28 04:43:46,1388205826,3767,0,119,78,0
REFIT-H1-COACT-000009,washer+dishwasher,context_after,975302,2013-12-28 04:43:49,1388205829,1335,0,119,78,0
REFIT-H1-COACT-000010,washer+dishwasher,context_after,975302,2013-12-28 04:43:49,1388205829,1335,0,119,78,0
REFIT-H1-COACT-000009,washer+dishwasher,context_after,975303,2013-12-28 04:44:01,1388205841,1280,0,94,30,0
REFIT-H1-COACT-000010,washer+dishwasher,context_after,975303,2013-12-28 04:44:01,1388205841,1280,0,94,30,0
REFIT-H1-COACT-000009,washer+dishwasher,context_after,975304,2013-12-28 04:44:03,1388205843,1280,0,94,5,0
REFIT-H1-COACT-000010,washer+dishwasher,context_after,975304,2013-12-28 04:44:03,1388205843,1280,0,94,5,0
REFIT-H1-COACT-000009,washer+dishwasher,context_after,975305,2013-12-28 04:44:16,1388205856,1243,0,150,30,0
REFIT-H1-COACT-000010,washer+dishwasher,context_after,975305,2013-12-28 04:44:16,1388205856,1243,0,150,30,0
REFIT-H1-COACT-000009,washer+dishwasher,context_after,975306,2013-12-28 04:44:18,1388205858,1243,0,150,30,0
REFIT-H1-COACT-000010,washer+dishwasher,context_after,975306,2013-12-28 04:44:18,1388205858,1243,0,150,30,0
REFIT-H1-COACT-000009,washer+dishwasher,context_after,975307,2013-12-28 04:44:30,1388205870,1227,0,70,25,0
REFIT-H1-COACT-000010,washer+dishwasher,context_after,975307,2013-12-28 04:44:30,1388205870,1227,0,70,25,0
REFIT-H1-COACT-000009,washer+dishwasher,context_after,975308,2013-12-28 04:44:32,1388205872,1129,0,70,25,0
REFIT-H1-COACT-000010,washer+dishwasher,context_after,975308,2013-12-28 04:44:32,1388205872,1129,0,70,25,0
REFIT-H1-COACT-000009,washer+dishwasher,context_after,975309,2013-12-28 04:44:33,1388205873,1129,0,70,25,0
REFIT-H1-COACT-000010,washer+dishwasher,context_after,975309,2013-12-28 04:44:33,1388205873,1129,0,70,25,0
REFIT-H1-COACT-000009,washer+dishwasher,context_after,975310,2013-12-28 04:44:47,1388205887,1505,0,73,25,0
REFIT-H1-COACT-000010,washer+dishwasher,context_after,975310,2013-12-28 04:44:47,1388205887,1505,0,73,25,0
REFIT-H1-COACT-000009,washer+dishwasher,context_after,975311,2013-12-28 04:44:48,1388205888,1505,0,73,25,0
REFIT-H1-COACT-000010,washer+dishwasher,context_after,975311,2013-12-28 04:44:48,1388205888,1505,0,73,25,0
REFIT-H1-COACT-000009,washer+dishwasher,context_after,975312,2013-12-28 04:45:02,1388205902,1206,0,73,25,0
REFIT-H1-COACT-000010,washer+dishwasher,context_after,975312,2013-12-28 04:45:02,1388205902,1206,0,73,25,0
REFIT-H1-COACT-000009,washer+dishwasher,context_after,975313,2013-12-28 04:45:16,1388205916,1200,0,75,25,0
REFIT-H1-COACT-000010,washer+dishwasher,context_after,975313,2013-12-28 04:45:16,1388205916,1200,0,75,25,0
REFIT-H1-COACT-000009,washer+dishwasher,context_after,975314,2013-12-28 04:45:17,1388205917,1202,0,75,65,0
REFIT-H1-COACT-000010,washer+dishwasher,context_after,975314,2013-12-28 04:45:17,1388205917,1202,0,75,65,0
REFIT-H1-COACT-000009,washer+dishwasher,context_after,975315,2013-12-28 04:45:18,1388205918,1202,0,75,65,0
REFIT-H1-COACT-000010,washer+dishwasher,context_after,975315,2013-12-28 04:45:18,1388205918,1202,0,75,65,0
REFIT-H1-COACT-000009,washer+dishwasher,context_after,975316,2013-12-28 04:45:31,1388205931,1388,0,392,1,1
REFIT-H1-COACT-000010,washer+dishwasher,context_after,975316,2013-12-28 04:45:31,1388205931,1388,0,392,1,1
REFIT-H1-COACT-000009,washer+dishwasher,context_after,975317,2013-12-28 04:45:32,1388205932,1388,0,392,1,1
REFIT-H1-COACT-000010,washer+dishwasher,context_after,975317,2013-12-28 04:45:32,1388205932,1388,0,392,1,1
REFIT-H1-COACT-000009,washer+dishwasher,context_after,975318,2013-12-28 04:45:33,1388205933,1388,0,392,1,1
REFIT-H1-COACT-000010,washer+dishwasher,context_after,975318,2013-12-28 04:45:33,1388205933,1388,0,392,1,1
REFIT-H1-COACT-000009,washer+dishwasher,context_after,975319,2013-12-28 04:45:46,1388205946,1779,0,473,1,0
REFIT-H1-COACT-000010,washer+dishwasher,context_after,975319,2013-12-28 04:45:46,1388205946,1779,0,473,1,0
REFIT-H1-COACT-000009,washer+dishwasher,context_after,975320,2013-12-28 04:45:48,1388205948,1779,0,473,1,0
REFIT-H1-COACT-000010,washer+dishwasher,context_after,975320,2013-12-28 04:45:48,1388205948,1779,0,473,1,0
REFIT-H1-COACT-000009,washer+dishwasher,context_after,975321,2013-12-28 04:46:01,1388205961,1404,0,224,1,0
REFIT-H1-COACT-000010,washer+dishwasher,context_after,975321,2013-12-28 04:46:01,1388205961,1404,0,224,1,0
REFIT-H1-COACT-000009,washer+dishwasher,context_after,975322,2013-12-28 04:46:03,1388205963,1322,0,224,1,0
REFIT-H1-COACT-000010,washer+dishwasher,context_after,975322,2013-12-28 04:46:03,1388205963,1322,0,224,1,0
REFIT-H1-COACT-000010,washer+dishwasher,context_after,975323,2013-12-28 04:46:16,1388205976,1126,0,26,0,0
REFIT-H1-COACT-000010,washer+dishwasher,context_after,975324,2013-12-28 04:46:17,1388205977,1126,0,26,0,0
REFIT-H1-COACT-000010,washer+dishwasher,context_after,975325,2013-12-28 04:46:18,1388205978,1126,0,26,0,0
REFIT-H1-COACT-000010,washer+dishwasher,context_after,975326,2013-12-28 04:46:30,1388205990,1125,0,26,0,0
REFIT-H1-COACT-000010,washer+dishwasher,context_after,975327,2013-12-28 04:46:32,1388205992,1125,0,26,1,0
REFIT-H1-COACT-000010,washer+dishwasher,context_after,975328,2013-12-28 04:46:33,1388205993,1125,0,26,1,0
REFIT-H1-COACT-000010,washer+dishwasher,context_after,975329,2013-12-28 04:46:47,1388206007,1126,0,15,0,0
REFIT-H1-COACT-000010,washer+dishwasher,context_after,975330,2013-12-28 04:46:48,1388206008,1127,0,15,0,0
REFIT-H1-COACT-000011,dryer+washer,context_before,980382,2013-12-28 14:10:34,1388239834,1668,2514,112,0,1
REFIT-H1-COACT-000011,dryer+washer,context_before,980383,2013-12-28 14:10:46,1388239846,1663,2514,64,0,1
REFIT-H1-COACT-000011,dryer+washer,context_before,980384,2013-12-28 14:10:49,1388239849,1663,2484,64,0,1
REFIT-H1-COACT-000011,dryer+washer,context_before,980385,2013-12-28 14:11:01,1388239861,1643,2519,67,0,1
REFIT-H1-COACT-000011,dryer+washer,context_before,980386,2013-12-28 14:11:03,1388239863,1633,2519,67,0,1
REFIT-H1-COACT-000011,dryer+washer,context_before,980387,2013-12-28 14:11:16,1388239876,743,141,75,0,0
REFIT-H1-COACT-000011,dryer+washer,context_before,980388,2013-12-28 14:11:18,1388239878,743,2555,75,0,1
REFIT-H1-COACT-000012,dryer+washer,context_before,980388,2013-12-28 14:11:18,1388239878,743,2555,75,0,1
REFIT-H1-COACT-000011,dryer+washer,context_before,980389,2013-12-28 14:11:30,1388239890,749,2494,81,0,1
REFIT-H1-COACT-000012,dryer+washer,context_before,980389,2013-12-28 14:11:30,1388239890,749,2494,81,0,1
REFIT-H1-COACT-000011,dryer+washer,context_before,980390,2013-12-28 14:11:33,1388239893,749,2494,65,0,1
REFIT-H1-COACT-000012,dryer+washer,context_before,980390,2013-12-28 14:11:33,1388239893,749,2494,65,0,1
REFIT-H1-COACT-000011,dryer+washer,context_before,980391,2013-12-28 14:11:47,1388239907,1661,2504,69,0,1
REFIT-H1-COACT-000012,dryer+washer,context_before,980391,2013-12-28 14:11:47,1388239907,1661,2504,69,0,1
REFIT-H1-COACT-000011,dryer+washer,context_before,980392,2013-12-28 14:11:48,1388239908,1661,2504,69,0,1
REFIT-H1-COACT-000012,dryer+washer,context_before,980392,2013-12-28 14:11:48,1388239908,1661,2504,69,0,1
REFIT-H1-COACT-000011,dryer+washer,context_before,980393,2013-12-28 14:12:02,1388239922,1666,2509,71,0,1
REFIT-H1-COACT-000012,dryer+washer,context_before,980393,2013-12-28 14:12:02,1388239922,1666,2509,71,0,1
REFIT-H1-COACT-000011,dryer+washer,context_before,980394,2013-12-28 14:12:16,1388239936,1665,2555,81,0,1
REFIT-H1-COACT-000012,dryer+washer,context_before,980394,2013-12-28 14:12:16,1388239936,1665,2555,81,0,1
REFIT-H1-COACT-000011,dryer+washer,context_before,980395,2013-12-28 14:12:17,1388239937,1665,2555,81,0,1
REFIT-H1-COACT-000012,dryer+washer,context_before,980395,2013-12-28 14:12:17,1388239937,1665,2555,81,0,1
REFIT-H1-COACT-000011,dryer+washer,context_before,980396,2013-12-28 14:12:19,1388239939,1694,2555,81,0,1
REFIT-H1-COACT-000012,dryer+washer,context_before,980396,2013-12-28 14:12:19,1388239939,1694,2555,81,0,1
REFIT-H1-COACT-000011,dryer+washer,context_before,980397,2013-12-28 14:12:31,1388239951,1694,2540,66,0,1
REFIT-H1-COACT-000012,dryer+washer,context_before,980397,2013-12-28 14:12:31,1388239951,1694,2540,66,0,1
REFIT-H1-COACT-000011,dryer+washer,context_before,980398,2013-12-28 14:12:32,1388239952,1696,2540,66,0,1
REFIT-H1-COACT-000012,dryer+washer,context_before,980398,2013-12-28 14:12:32,1388239952,1696,2540,66,0,1
REFIT-H1-COACT-000011,dryer+washer,context_before,980399,2013-12-28 14:12:34,1388239954,1696,2514,66,0,1
REFIT-H1-COACT-000012,dryer+washer,context_before,980399,2013-12-28 14:12:34,1388239954,1696,2514,66,0,1
REFIT-H1-COACT-000011,dryer+washer,context_before,980400,2013-12-28 14:12:46,1388239966,1713,2550,73,0,1
REFIT-H1-COACT-000012,dryer+washer,context_before,980400,2013-12-28 14:12:46,1388239966,1713,2550,73,0,1
REFIT-H1-COACT-000011,dryer+washer,context_before,980401,2013-12-28 14:12:48,1388239968,1713,2550,74,0,1
REFIT-H1-COACT-000012,dryer+washer,context_before,980401,2013-12-28 14:12:48,1388239968,1713,2550,74,0,1
REFIT-H1-COACT-000011,dryer+washer,context_before,980402,2013-12-28 14:13:01,1388239981,1757,2571,153,0,1
REFIT-H1-COACT-000012,dryer+washer,context_before,980402,2013-12-28 14:13:01,1388239981,1757,2571,153,0,1
REFIT-H1-COACT-000011,dryer+washer,context_before,980403,2013-12-28 14:13:03,1388239983,1757,2571,153,0,1
REFIT-H1-COACT-000012,dryer+washer,context_before,980403,2013-12-28 14:13:03,1388239983,1757,2571,153,0,1
REFIT-H1-COACT-000011,dryer+washer,context_before,980404,2013-12-28 14:13:16,1388239996,1825,2566,146,0,1
REFIT-H1-COACT-000012,dryer+washer,context_before,980404,2013-12-28 14:13:16,1388239996,1825,2566,146,0,1
REFIT-H1-COACT-000013,dryer+washer,context_before,980404,2013-12-28 14:13:16,1388239996,1825,2566,146,0,1
REFIT-H1-COACT-000011,dryer+washer,context_before,980405,2013-12-28 14:13:18,1388239998,1782,2545,146,0,1
REFIT-H1-COACT-000012,dryer+washer,context_before,980405,2013-12-28 14:13:18,1388239998,1782,2545,146,0,1
REFIT-H1-COACT-000013,dryer+washer,context_before,980405,2013-12-28 14:13:18,1388239998,1782,2545,146,0,1
REFIT-H1-COACT-000011,dryer+washer,context_before,980406,2013-12-28 14:13:30,1388240010,1771,2550,190,0,1
REFIT-H1-COACT-000012,dryer+washer,context_before,980406,2013-12-28 14:13:30,1388240010,1771,2550,190,0,1
REFIT-H1-COACT-000013,dryer+washer,context_before,980406,2013-12-28 14:13:30,1388240010,1771,2550,190,0,1
REFIT-H1-COACT-000011,dryer+washer,context_before,980407,2013-12-28 14:13:32,1388240012,1771,2550,187,0,1
REFIT-H1-COACT-000012,dryer+washer,context_before,980407,2013-12-28 14:13:32,1388240012,1771,2550,187,0,1
REFIT-H1-COACT-000013,dryer+washer,context_before,980407,2013-12-28 14:13:32,1388240012,1771,2550,187,0,1
REFIT-H1-COACT-000011,dryer+washer,context_before,980408,2013-12-28 14:13:33,1388240013,1771,2550,187,0,1
REFIT-H1-COACT-000012,dryer+washer,context_before,980408,2013-12-28 14:13:33,1388240013,1771,2550,187,0,1
REFIT-H1-COACT-000013,dryer+washer,context_before,980408,2013-12-28 14:13:33,1388240013,1771,2550,187,0,1
REFIT-H1-COACT-000011,dryer+washer,context_before,980409,2013-12-28 14:13:47,1388240027,1785,2509,208,0,1
REFIT-H1-COACT-000012,dryer+washer,context_before,980409,2013-12-28 14:13:47,1388240027,1785,2509,208,0,1
REFIT-H1-COACT-000013,dryer+washer,context_before,980409,2013-12-28 14:13:47,1388240027,1785,2509,208,0,1
REFIT-H1-COACT-000011,dryer+washer,context_before,980410,2013-12-28 14:14:02,1388240042,1851,2470,242,0,1
REFIT-H1-COACT-000012,dryer+washer,context_before,980410,2013-12-28 14:14:02,1388240042,1851,2470,242,0,1
REFIT-H1-COACT-000013,dryer+washer,context_before,980410,2013-12-28 14:14:02,1388240042,1851,2470,242,0,1
REFIT-H1-COACT-000011,dryer+washer,context_before,980411,2013-12-28 14:14:16,1388240056,1835,2530,214,0,1
REFIT-H1-COACT-000012,dryer+washer,context_before,980411,2013-12-28 14:14:16,1388240056,1835,2530,214,0,1
REFIT-H1-COACT-000013,dryer+washer,context_before,980411,2013-12-28 14:14:16,1388240056,1835,2530,214,0,1
REFIT-H1-COACT-000011,dryer+washer,candidate_window,980412,2013-12-28 14:14:19,1388240059,1835,137,214,0,0
REFIT-H1-COACT-000012,dryer+washer,context_before,980412,2013-12-28 14:14:19,1388240059,1835,137,214,0,0
REFIT-H1-COACT-000013,dryer+washer,context_before,980412,2013-12-28 14:14:19,1388240059,1835,137,214,0,0
REFIT-H1-COACT-000011,dryer+washer,context_after,980413,2013-12-28 14:14:31,1388240071,617,2566,217,0,1
REFIT-H1-COACT-000012,dryer+washer,context_before,980413,2013-12-28 14:14:31,1388240071,617,2566,217,0,1
REFIT-H1-COACT-000013,dryer+washer,context_before,980413,2013-12-28 14:14:31,1388240071,617,2566,217,0,1
REFIT-H1-COACT-000011,dryer+washer,context_after,980414,2013-12-28 14:14:34,1388240074,1854,2566,217,0,1
REFIT-H1-COACT-000012,dryer+washer,context_before,980414,2013-12-28 14:14:34,1388240074,1854,2566,217,0,1
REFIT-H1-COACT-000013,dryer+washer,context_before,980414,2013-12-28 14:14:34,1388240074,1854,2566,217,0,1
REFIT-H1-COACT-000011,dryer+washer,context_after,980415,2013-12-28 14:14:46,1388240086,1822,2566,244,0,1
REFIT-H1-COACT-000012,dryer+washer,context_before,980415,2013-12-28 14:14:46,1388240086,1822,2566,244,0,1
REFIT-H1-COACT-000013,dryer+washer,context_before,980415,2013-12-28 14:14:46,1388240086,1822,2566,244,0,1
REFIT-H1-COACT-000011,dryer+washer,context_after,980416,2013-12-28 14:14:48,1388240088,1858,2566,244,0,1
REFIT-H1-COACT-000012,dryer+washer,context_before,980416,2013-12-28 14:14:48,1388240088,1858,2566,244,0,1
REFIT-H1-COACT-000013,dryer+washer,context_before,980416,2013-12-28 14:14:48,1388240088,1858,2566,244,0,1
REFIT-H1-COACT-000011,dryer+washer,context_after,980417,2013-12-28 14:15:00,1388240100,1835,2555,399,0,1
REFIT-H1-COACT-000012,dryer+washer,context_before,980417,2013-12-28 14:15:00,1388240100,1835,2555,399,0,1
REFIT-H1-COACT-000013,dryer+washer,context_before,980417,2013-12-28 14:15:00,1388240100,1835,2555,399,0,1
REFIT-H1-COACT-000011,dryer+washer,context_after,980418,2013-12-28 14:15:03,1388240103,1835,135,399,0,0
REFIT-H1-COACT-000012,dryer+washer,candidate_window,980418,2013-12-28 14:15:03,1388240103,1835,135,399,0,0
REFIT-H1-COACT-000013,dryer+washer,context_before,980418,2013-12-28 14:15:03,1388240103,1835,135,399,0,0
REFIT-H1-COACT-000011,dryer+washer,context_after,980419,2013-12-28 14:15:15,1388240115,610,2550,345,0,1
REFIT-H1-COACT-000012,dryer+washer,context_after,980419,2013-12-28 14:15:15,1388240115,610,2550,345,0,1
REFIT-H1-COACT-000013,dryer+washer,context_before,980419,2013-12-28 14:15:15,1388240115,610,2550,345,0,1
REFIT-H1-COACT-000011,dryer+washer,context_after,980420,2013-12-28 14:15:18,1388240118,2038,2550,404,0,1
REFIT-H1-COACT-000012,dryer+washer,context_after,980420,2013-12-28 14:15:18,1388240118,2038,2550,404,0,1
REFIT-H1-COACT-000013,dryer+washer,context_before,980420,2013-12-28 14:15:18,1388240118,2038,2550,404,0,1
REFIT-H1-COACT-000011,dryer+washer,context_after,980421,2013-12-28 14:15:30,1388240130,2020,2555,333,0,1
REFIT-H1-COACT-000012,dryer+washer,context_after,980421,2013-12-28 14:15:30,1388240130,2020,2555,333,0,1
REFIT-H1-COACT-000013,dryer+washer,context_before,980421,2013-12-28 14:15:30,1388240130,2020,2555,333,0,1
REFIT-H1-COACT-000011,dryer+washer,context_after,980422,2013-12-28 14:15:33,1388240133,2020,2555,333,0,1
REFIT-H1-COACT-000012,dryer+washer,context_after,980422,2013-12-28 14:15:33,1388240133,2020,2555,333,0,1
REFIT-H1-COACT-000013,dryer+washer,context_before,980422,2013-12-28 14:15:33,1388240133,2020,2555,333,0,1
REFIT-H1-COACT-000011,dryer+washer,context_after,980423,2013-12-28 14:15:47,1388240147,583,2550,339,0,1
REFIT-H1-COACT-000012,dryer+washer,context_after,980423,2013-12-28 14:15:47,1388240147,583,2550,339,0,1
REFIT-H1-COACT-000013,dryer+washer,context_before,980423,2013-12-28 14:15:47,1388240147,583,2550,339,0,1
REFIT-H1-COACT-000011,dryer+washer,context_after,980424,2013-12-28 14:15:48,1388240148,583,2550,339,0,1
REFIT-H1-COACT-000012,dryer+washer,context_after,980424,2013-12-28 14:15:48,1388240148,583,2550,339,0,1
REFIT-H1-COACT-000013,dryer+washer,context_before,980424,2013-12-28 14:15:48,1388240148,583,2550,339,0,1
REFIT-H1-COACT-000011,dryer+washer,context_after,980425,2013-12-28 14:16:02,1388240162,2046,2514,376,0,1
REFIT-H1-COACT-000012,dryer+washer,context_after,980425,2013-12-28 14:16:02,1388240162,2046,2514,376,0,1
REFIT-H1-COACT-000013,dryer+washer,context_before,980425,2013-12-28 14:16:02,1388240162,2046,2514,376,0,1
REFIT-H1-COACT-000011,dryer+washer,context_after,980426,2013-12-28 14:16:03,1388240163,2007,2514,376,0,1
REFIT-H1-COACT-000012,dryer+washer,context_after,980426,2013-12-28 14:16:03,1388240163,2007,2514,376,0,1
REFIT-H1-COACT-000013,dryer+washer,context_before,980426,2013-12-28 14:16:03,1388240163,2007,2514,376,0,1
REFIT-H1-COACT-000011,dryer+washer,context_after,980427,2013-12-28 14:16:17,1388240177,575,143,397,0,1
REFIT-H1-COACT-000012,dryer+washer,context_after,980427,2013-12-28 14:16:17,1388240177,575,143,397,0,1
REFIT-H1-COACT-000013,dryer+washer,context_before,980427,2013-12-28 14:16:17,1388240177,575,143,397,0,1
REFIT-H1-COACT-000011,dryer+washer,context_after,980428,2013-12-28 14:16:18,1388240178,575,143,397,0,1
REFIT-H1-COACT-000012,dryer+washer,context_after,980428,2013-12-28 14:16:18,1388240178,575,143,397,0,1
REFIT-H1-COACT-000013,dryer+washer,context_before,980428,2013-12-28 14:16:18,1388240178,575,143,397,0,1
REFIT-H1-COACT-000011,dryer+washer,context_after,980429,2013-12-28 14:16:31,1388240191,2173,2571,395,0,1
REFIT-H1-COACT-000012,dryer+washer,context_after,980429,2013-12-28 14:16:31,1388240191,2173,2571,395,0,1
REFIT-H1-COACT-000013,dryer+washer,context_before,980429,2013-12-28 14:16:31,1388240191,2173,2571,395,0,1
REFIT-H1-COACT-000011,dryer+washer,context_after,980430,2013-12-28 14:16:32,1388240192,2173,2571,395,0,1
REFIT-H1-COACT-000012,dryer+washer,context_after,980430,2013-12-28 14:16:32,1388240192,2173,2571,395,0,1
REFIT-H1-COACT-000013,dryer+washer,context_before,980430,2013-12-28 14:16:32,1388240192,2173,2571,395,0,1
REFIT-H1-COACT-000011,dryer+washer,context_after,980431,2013-12-28 14:16:47,1388240207,2054,2494,383,0,1
REFIT-H1-COACT-000012,dryer+washer,context_after,980431,2013-12-28 14:16:47,1388240207,2054,2494,383,0,1
REFIT-H1-COACT-000013,dryer+washer,context_before,980431,2013-12-28 14:16:47,1388240207,2054,2494,383,0,1
REFIT-H1-COACT-000011,dryer+washer,context_after,980432,2013-12-28 14:17:01,1388240221,2034,2550,387,0,1
REFIT-H1-COACT-000012,dryer+washer,context_after,980432,2013-12-28 14:17:01,1388240221,2034,2550,387,0,1
REFIT-H1-COACT-000013,dryer+washer,context_before,980432,2013-12-28 14:17:01,1388240221,2034,2550,387,0,1
REFIT-H1-COACT-000011,dryer+washer,context_after,980433,2013-12-28 14:17:02,1388240222,2034,2550,387,0,1
REFIT-H1-COACT-000012,dryer+washer,context_after,980433,2013-12-28 14:17:02,1388240222,2034,2550,387,0,1
REFIT-H1-COACT-000013,dryer+washer,context_before,980433,2013-12-28 14:17:02,1388240222,2034,2550,387,0,1
REFIT-H1-COACT-000011,dryer+washer,context_after,980434,2013-12-28 14:17:16,1388240236,2045,1349,372,0,0
REFIT-H1-COACT-000012,dryer+washer,context_after,980434,2013-12-28 14:17:16,1388240236,2045,1349,372,0,0
REFIT-H1-COACT-000013,dryer+washer,candidate_window,980434,2013-12-28 14:17:16,1388240236,2045,1349,372,0,0
REFIT-H1-COACT-000011,dryer+washer,context_after,980435,2013-12-28 14:17:18,1388240238,907,1349,372,0,1
REFIT-H1-COACT-000012,dryer+washer,context_after,980435,2013-12-28 14:17:18,1388240238,907,1349,372,0,1
REFIT-H1-COACT-000013,dryer+washer,context_after,980435,2013-12-28 14:17:18,1388240238,907,1349,372,0,1
REFIT-H1-COACT-000011,dryer+washer,context_after,980436,2013-12-28 14:17:31,1388240251,1023,1374,472,0,1
REFIT-H1-COACT-000012,dryer+washer,context_after,980436,2013-12-28 14:17:31,1388240251,1023,1374,472,0,1
REFIT-H1-COACT-000013,dryer+washer,context_after,980436,2013-12-28 14:17:31,1388240251,1023,1374,472,0,1
REFIT-H1-COACT-000011,dryer+washer,context_after,980437,2013-12-28 14:17:33,1388240253,1023,1373,472,0,1
REFIT-H1-COACT-000012,dryer+washer,context_after,980437,2013-12-28 14:17:33,1388240253,1023,1373,472,0,1
REFIT-H1-COACT-000013,dryer+washer,context_after,980437,2013-12-28 14:17:33,1388240253,1023,1373,472,0,1
REFIT-H1-COACT-000011,dryer+washer,context_after,980438,2013-12-28 14:17:46,1388240266,1038,1349,480,0,1
REFIT-H1-COACT-000012,dryer+washer,context_after,980438,2013-12-28 14:17:46,1388240266,1038,1349,480,0,1
REFIT-H1-COACT-000013,dryer+washer,context_after,980438,2013-12-28 14:17:46,1388240266,1038,1349,480,0,1
REFIT-H1-COACT-000011,dryer+washer,context_after,980439,2013-12-28 14:17:47,1388240267,1038,1349,480,0,1
REFIT-H1-COACT-000012,dryer+washer,context_after,980439,2013-12-28 14:17:47,1388240267,1038,1349,480,0,1
REFIT-H1-COACT-000013,dryer+washer,context_after,980439,2013-12-28 14:17:47,1388240267,1038,1349,480,0,1
REFIT-H1-COACT-000011,dryer+washer,context_after,980440,2013-12-28 14:18:00,1388240280,926,1367,474,0,1
REFIT-H1-COACT-000012,dryer+washer,context_after,980440,2013-12-28 14:18:00,1388240280,926,1367,474,0,1
REFIT-H1-COACT-000013,dryer+washer,context_after,980440,2013-12-28 14:18:00,1388240280,926,1367,474,0,1
REFIT-H1-COACT-000011,dryer+washer,context_after,980441,2013-12-28 14:18:02,1388240282,928,1367,474,0,1
REFIT-H1-COACT-000012,dryer+washer,context_after,980441,2013-12-28 14:18:02,1388240282,928,1367,474,0,1
REFIT-H1-COACT-000013,dryer+washer,context_after,980441,2013-12-28 14:18:02,1388240282,928,1367,474,0,1
REFIT-H1-COACT-000011,dryer+washer,context_after,980442,2013-12-28 14:18:15,1388240295,1025,1358,461,0,1
REFIT-H1-COACT-000012,dryer+washer,context_after,980442,2013-12-28 14:18:15,1388240295,1025,1358,461,0,1
REFIT-H1-COACT-000013,dryer+washer,context_after,980442,2013-12-28 14:18:15,1388240295,1025,1358,461,0,1
REFIT-H1-COACT-000012,dryer+washer,context_after,980443,2013-12-28 14:18:17,1388240297,1025,1367,471,0,1
REFIT-H1-COACT-000013,dryer+washer,context_after,980443,2013-12-28 14:18:17,1388240297,1025,1367,471,0,1
REFIT-H1-COACT-000012,dryer+washer,context_after,980444,2013-12-28 14:18:19,1388240299,1025,1367,471,0,1
REFIT-H1-COACT-000013,dryer+washer,context_after,980444,2013-12-28 14:18:19,1388240299,1025,1367,471,0,1
REFIT-H1-COACT-000012,dryer+washer,context_after,980445,2013-12-28 14:18:29,1388240309,948,1351,466,0,1
REFIT-H1-COACT-000013,dryer+washer,context_after,980445,2013-12-28 14:18:29,1388240309,948,1351,466,0,1
REFIT-H1-COACT-000012,dryer+washer,context_after,980446,2013-12-28 14:18:32,1388240312,948,1351,466,0,1
REFIT-H1-COACT-000013,dryer+washer,context_after,980446,2013-12-28 14:18:32,1388240312,948,1351,466,0,1
REFIT-H1-COACT-000012,dryer+washer,context_after,980447,2013-12-28 14:18:34,1388240314,1032,1351,466,0,1
REFIT-H1-COACT-000013,dryer+washer,context_after,980447,2013-12-28 14:18:34,1388240314,1032,1351,466,0,1
REFIT-H1-COACT-000012,dryer+washer,context_after,980448,2013-12-28 14:18:46,1388240326,1029,1333,456,0,1
REFIT-H1-COACT-000013,dryer+washer,context_after,980448,2013-12-28 14:18:46,1388240326,1029,1333,456,0,1
REFIT-H1-COACT-000013,dryer+washer,context_after,980449,2013-12-28 14:18:49,1388240329,1029,1335,474,0,1
REFIT-H1-COACT-000013,dryer+washer,context_after,980450,2013-12-28 14:19:01,1388240341,1042,1352,456,0,1
REFIT-H1-COACT-000013,dryer+washer,context_after,980451,2013-12-28 14:19:03,1388240343,1042,1352,456,0,1
REFIT-H1-COACT-000013,dryer+washer,context_after,980452,2013-12-28 14:19:15,1388240355,1022,1338,27,0,1
REFIT-H1-COACT-000013,dryer+washer,context_after,980453,2013-12-28 14:19:18,1388240358,540,1365,27,0,1
REFIT-H1-COACT-000013,dryer+washer,context_after,980454,2013-12-28 14:19:30,1388240370,553,1346,27,0,1
REFIT-H1-COACT-000013,dryer+washer,context_after,980455,2013-12-28 14:19:33,1388240373,553,1345,27,0,1
REFIT-H1-COACT-000013,dryer+washer,context_after,980456,2013-12-28 14:19:47,1388240387,1371,1352,31,0,1
REFIT-H1-COACT-000013,dryer+washer,context_after,980457,2013-12-28 14:19:48,1388240388,1371,1352,31,0,1
REFIT-H1-COACT-000013,dryer+washer,context_after,980458,2013-12-28 14:20:02,1388240402,2446,1330,46,0,0
REFIT-H1-COACT-000013,dryer+washer,context_after,980459,2013-12-28 14:20:17,1388240417,2456,1335,85,0,0
REFIT-H1-COACT-000013,dryer+washer,context_after,980460,2013-12-28 14:20:18,1388240418,2456,1335,85,0,0
REFIT-H1-COACT-000013,dryer+washer,context_after,980461,2013-12-28 14:20:31,1388240431,2454,1359,1,0,0
REFIT-H1-COACT-000013,dryer+washer,context_after,980462,2013-12-28 14:20:33,1388240433,2454,1338,1,0,0
REFIT-H1-COACT-000013,dryer+washer,context_after,980463,2013-12-28 14:20:46,1388240446,2447,1349,1,0,0
REFIT-H1-COACT-000013,dryer+washer,context_after,980464,2013-12-28 14:20:48,1388240448,2447,1349,1,0,0
REFIT-H1-COACT-000014,dryer+washer,context_before,3887667,2014-10-12 12:45:09,1413117909,157,0,15,0,0
REFIT-H1-COACT-000014,dryer+washer,context_before,3887668,2014-10-12 12:45:17,1413117917,157,0,16,0,0
REFIT-H1-COACT-000014,dryer+washer,context_before,3887669,2014-10-12 12:45:25,1413117925,159,0,15,0,0
REFIT-H1-COACT-000014,dryer+washer,context_before,3887670,2014-10-12 12:45:33,1413117933,158,0,15,0,0
REFIT-H1-COACT-000014,dryer+washer,context_before,3887671,2014-10-12 12:45:41,1413117941,159,0,15,0,0
REFIT-H1-COACT-000014,dryer+washer,context_before,3887672,2014-10-12 12:45:49,1413117949,164,0,15,0,0
REFIT-H1-COACT-000014,dryer+washer,context_before,3887673,2014-10-12 12:45:57,1413117957,160,0,15,0,0
REFIT-H1-COACT-000014,dryer+washer,context_before,3887674,2014-10-12 12:46:05,1413117965,159,0,15,0,0
REFIT-H1-COACT-000014,dryer+washer,context_before,3887675,2014-10-12 12:46:13,1413117973,157,0,4,0,0
REFIT-H1-COACT-000014,dryer+washer,context_before,3887676,2014-10-12 12:46:21,1413117981,157,0,4,0,0
REFIT-H1-COACT-000014,dryer+washer,context_before,3887677,2014-10-12 12:46:29,1413117989,157,0,160,0,1
REFIT-H1-COACT-000014,dryer+washer,context_before,3887678,2014-10-12 12:46:37,1413117997,939,0,177,0,0
REFIT-H1-COACT-000014,dryer+washer,context_before,3887679,2014-10-12 12:46:45,1413118005,549,0,133,0,0
REFIT-H1-COACT-000014,dryer+washer,context_before,3887680,2014-10-12 12:46:53,1413118013,155,0,7,0,0
REFIT-H1-COACT-000014,dryer+washer,context_before,3887681,2014-10-12 12:47:01,1413118021,569,0,155,0,0
REFIT-H1-COACT-000014,dryer+washer,context_before,3887682,2014-10-12 12:47:09,1413118029,583,0,155,0,0
REFIT-H1-COACT-000014,dryer+washer,context_before,3887683,2014-10-12 12:47:17,1413118037,163,0,294,0,1
REFIT-H1-COACT-000014,dryer+washer,context_before,3887684,2014-10-12 12:47:25,1413118045,522,0,151,0,0
REFIT-H1-COACT-000014,dryer+washer,context_before,3887685,2014-10-12 12:47:33,1413118053,483,0,124,0,0
REFIT-H1-COACT-000014,dryer+washer,context_before,3887686,2014-10-12 12:47:41,1413118061,416,0,101,0,0
REFIT-H1-COACT-000014,dryer+washer,context_before,3887687,2014-10-12 12:47:49,1413118069,367,0,101,0,0
REFIT-H1-COACT-000014,dryer+washer,context_before,3887688,2014-10-12 12:47:57,1413118077,160,0,33,0,0
REFIT-H1-COACT-000014,dryer+washer,context_before,3887689,2014-10-12 12:48:05,1413118085,161,0,143,0,0
REFIT-H1-COACT-000014,dryer+washer,context_before,3887690,2014-10-12 12:48:13,1413118093,202,0,12,0,0
REFIT-H1-COACT-000014,dryer+washer,context_before,3887691,2014-10-12 12:48:21,1413118101,709,0,27,0,0
REFIT-H1-COACT-000014,dryer+washer,context_before,3887692,2014-10-12 12:48:29,1413118109,604,0,100,0,0
REFIT-H1-COACT-000014,dryer+washer,context_before,3887693,2014-10-12 12:48:37,1413118117,371,0,88,0,0
REFIT-H1-COACT-000014,dryer+washer,context_before,3887694,2014-10-12 12:48:45,1413118125,372,0,82,0,0
REFIT-H1-COACT-000014,dryer+washer,context_before,3887695,2014-10-12 12:48:53,1413118133,372,0,80,0,0
REFIT-H1-COACT-000014,dryer+washer,context_before,3887696,2014-10-12 12:49:02,1413118142,516,0,77,0,0
REFIT-H1-COACT-000014,dryer+washer,candidate_window,3887697,2014-10-12 12:49:10,1413118150,477,128,150,0,0
REFIT-H1-COACT-000014,dryer+washer,context_after,3887698,2014-10-12 12:49:18,1413118158,455,0,149,0,0
REFIT-H1-COACT-000014,dryer+washer,context_after,3887699,2014-10-12 12:49:26,1413118166,442,0,164,0,0
REFIT-H1-COACT-000014,dryer+washer,context_after,3887700,2014-10-12 12:49:34,1413118174,450,0,177,0,0
REFIT-H1-COACT-000014,dryer+washer,context_after,3887701,2014-10-12 12:49:42,1413118182,449,0,174,0,0
REFIT-H1-COACT-000014,dryer+washer,context_after,3887702,2014-10-12 12:49:50,1413118190,440,0,179,0,0
REFIT-H1-COACT-000014,dryer+washer,context_after,3887703,2014-10-12 12:49:58,1413118198,464,0,213,0,0
REFIT-H1-COACT-000014,dryer+washer,context_after,3887704,2014-10-12 12:50:06,1413118206,467,0,218,0,0
REFIT-H1-COACT-000014,dryer+washer,context_after,3887705,2014-10-12 12:50:14,1413118214,424,0,192,0,0
REFIT-H1-COACT-000014,dryer+washer,context_after,3887706,2014-10-12 12:50:22,1413118222,438,0,211,0,0
REFIT-H1-COACT-000014,dryer+washer,context_after,3887707,2014-10-12 12:50:30,1413118230,443,0,211,0,0
REFIT-H1-COACT-000014,dryer+washer,context_after,3887708,2014-10-12 12:50:38,1413118238,481,0,211,0,0
REFIT-H1-COACT-000014,dryer+washer,context_after,3887709,2014-10-12 12:50:46,1413118246,536,0,271,0,0
REFIT-H1-COACT-000014,dryer+washer,context_after,3887710,2014-10-12 12:50:54,1413118254,562,0,304,0,0
REFIT-H1-COACT-000014,dryer+washer,context_after,3887711,2014-10-12 12:51:02,1413118262,719,0,311,0,0
REFIT-H1-COACT-000014,dryer+washer,context_after,3887712,2014-10-12 12:51:10,1413118270,705,0,403,0,0
REFIT-H1-COACT-000014,dryer+washer,context_after,3887713,2014-10-12 12:51:18,1413118278,714,0,333,0,0
REFIT-H1-COACT-000014,dryer+washer,context_after,3887714,2014-10-12 12:51:26,1413118286,651,0,371,0,0
REFIT-H1-COACT-000014,dryer+washer,context_after,3887715,2014-10-12 12:51:34,1413118294,643,0,350,0,0
REFIT-H1-COACT-000014,dryer+washer,context_after,3887716,2014-10-12 12:51:42,1413118302,693,0,461,0,0
REFIT-H1-COACT-000014,dryer+washer,context_after,3887717,2014-10-12 12:51:50,1413118310,702,0,440,0,0
REFIT-H1-COACT-000014,dryer+washer,context_after,3887718,2014-10-12 12:51:58,1413118318,786,0,487,0,0
REFIT-H1-COACT-000014,dryer+washer,context_after,3887719,2014-10-12 12:52:06,1413118326,728,0,435,0,0
REFIT-H1-COACT-000014,dryer+washer,context_after,3887720,2014-10-12 12:52:14,1413118334,695,0,446,0,0
REFIT-H1-COACT-000014,dryer+washer,context_after,3887721,2014-10-12 12:52:22,1413118342,723,0,426,0,0
REFIT-H1-COACT-000014,dryer+washer,context_after,3887722,2014-10-12 12:52:30,1413118350,786,0,526,0,0
REFIT-H1-COACT-000014,dryer+washer,context_after,3887723,2014-10-12 12:52:38,1413118358,772,0,540,0,0
REFIT-H1-COACT-000014,dryer+washer,context_after,3887724,2014-10-12 12:52:46,1413118366,743,0,493,0,0
REFIT-H1-COACT-000014,dryer+washer,context_after,3887725,2014-10-12 12:52:54,1413118374,736,0,496,0,0
REFIT-H1-COACT-000014,dryer+washer,context_after,3887726,2014-10-12 12:53:02,1413118382,739,0,497,0,0
REFIT-H1-COACT-000014,dryer+washer,context_after,3887727,2014-10-12 12:53:10,1413118390,240,0,28,0,0
REFIT-H1-COACT-000015,washer+dishwasher,context_before,4404431,2014-11-24 04:54:47,1416804887,2466,0,0,2256,0
REFIT-H1-COACT-000015,washer+dishwasher,context_before,4404432,2014-11-24 04:54:54,1416804894,2434,0,0,2264,0
REFIT-H1-COACT-000015,washer+dishwasher,context_before,4404433,2014-11-24 04:55:00,1416804900,2439,0,0,2240,0
REFIT-H1-COACT-000016,washer+dishwasher,context_before,4404433,2014-11-24 04:55:00,1416804900,2439,0,0,2240,0
REFIT-H1-COACT-000015,washer+dishwasher,context_before,4404434,2014-11-24 04:55:07,1416804907,2450,0,0,2236,0
REFIT-H1-COACT-000016,washer+dishwasher,context_before,4404434,2014-11-24 04:55:07,1416804907,2450,0,0,2236,0
REFIT-H1-COACT-000015,washer+dishwasher,context_before,4404435,2014-11-24 04:55:14,1416804914,2438,0,0,2277,0
REFIT-H1-COACT-000016,washer+dishwasher,context_before,4404435,2014-11-24 04:55:14,1416804914,2438,0,0,2277,0
REFIT-H1-COACT-000015,washer+dishwasher,context_before,4404436,2014-11-24 04:55:20,1416804920,2443,0,0,2281,0
REFIT-H1-COACT-000016,washer+dishwasher,context_before,4404436,2014-11-24 04:55:20,1416804920,2443,0,0,2281,0
REFIT-H1-COACT-000015,washer+dishwasher,context_before,4404437,2014-11-24 04:55:27,1416804927,2478,0,0,2252,0
REFIT-H1-COACT-000016,washer+dishwasher,context_before,4404437,2014-11-24 04:55:27,1416804927,2478,0,0,2252,0
REFIT-H1-COACT-000017,washer+dishwasher,context_before,4404437,2014-11-24 04:55:27,1416804927,2478,0,0,2252,0
REFIT-H1-COACT-000015,washer+dishwasher,context_before,4404438,2014-11-24 04:55:34,1416804934,2444,0,0,2252,0
REFIT-H1-COACT-000016,washer+dishwasher,context_before,4404438,2014-11-24 04:55:34,1416804934,2444,0,0,2252,0
REFIT-H1-COACT-000017,washer+dishwasher,context_before,4404438,2014-11-24 04:55:34,1416804934,2444,0,0,2252,0
REFIT-H1-COACT-000015,washer+dishwasher,context_before,4404439,2014-11-24 04:55:41,1416804941,2440,0,0,2252,0
REFIT-H1-COACT-000016,washer+dishwasher,context_before,4404439,2014-11-24 04:55:41,1416804941,2440,0,0,2252,0
REFIT-H1-COACT-000017,washer+dishwasher,context_before,4404439,2014-11-24 04:55:41,1416804941,2440,0,0,2252,0
REFIT-H1-COACT-000015,washer+dishwasher,context_before,4404440,2014-11-24 04:55:47,1416804947,2442,0,0,2252,0
REFIT-H1-COACT-000016,washer+dishwasher,context_before,4404440,2014-11-24 04:55:47,1416804947,2442,0,0,2252,0
REFIT-H1-COACT-000017,washer+dishwasher,context_before,4404440,2014-11-24 04:55:47,1416804947,2442,0,0,2252,0
REFIT-H1-COACT-000015,washer+dishwasher,context_before,4404441,2014-11-24 04:55:54,1416804954,2443,0,0,2277,0
REFIT-H1-COACT-000016,washer+dishwasher,context_before,4404441,2014-11-24 04:55:54,1416804954,2443,0,0,2277,0
REFIT-H1-COACT-000017,washer+dishwasher,context_before,4404441,2014-11-24 04:55:54,1416804954,2443,0,0,2277,0
REFIT-H1-COACT-000015,washer+dishwasher,context_before,4404442,2014-11-24 04:56:01,1416804961,2445,0,0,2268,0
REFIT-H1-COACT-000016,washer+dishwasher,context_before,4404442,2014-11-24 04:56:01,1416804961,2445,0,0,2268,0
REFIT-H1-COACT-000017,washer+dishwasher,context_before,4404442,2014-11-24 04:56:01,1416804961,2445,0,0,2268,0
REFIT-H1-COACT-000015,washer+dishwasher,context_before,4404443,2014-11-24 04:56:08,1416804968,2437,0,0,2268,0
REFIT-H1-COACT-000016,washer+dishwasher,context_before,4404443,2014-11-24 04:56:08,1416804968,2437,0,0,2268,0
REFIT-H1-COACT-000017,washer+dishwasher,context_before,4404443,2014-11-24 04:56:08,1416804968,2437,0,0,2268,0
REFIT-H1-COACT-000015,washer+dishwasher,context_before,4404444,2014-11-24 04:56:14,1416804974,2431,0,0,2224,0
REFIT-H1-COACT-000016,washer+dishwasher,context_before,4404444,2014-11-24 04:56:14,1416804974,2431,0,0,2224,0
REFIT-H1-COACT-000017,washer+dishwasher,context_before,4404444,2014-11-24 04:56:14,1416804974,2431,0,0,2224,0
REFIT-H1-COACT-000015,washer+dishwasher,context_before,4404445,2014-11-24 04:56:21,1416804981,2492,0,0,2224,0
REFIT-H1-COACT-000016,washer+dishwasher,context_before,4404445,2014-11-24 04:56:21,1416804981,2492,0,0,2224,0
REFIT-H1-COACT-000017,washer+dishwasher,context_before,4404445,2014-11-24 04:56:21,1416804981,2492,0,0,2224,0
REFIT-H1-COACT-000015,washer+dishwasher,context_before,4404446,2014-11-24 04:56:28,1416804988,2436,0,0,2260,0
REFIT-H1-COACT-000016,washer+dishwasher,context_before,4404446,2014-11-24 04:56:28,1416804988,2436,0,0,2260,0
REFIT-H1-COACT-000017,washer+dishwasher,context_before,4404446,2014-11-24 04:56:28,1416804988,2436,0,0,2260,0
REFIT-H1-COACT-000015,washer+dishwasher,context_before,4404447,2014-11-24 04:56:34,1416804994,2437,0,0,2260,0
REFIT-H1-COACT-000016,washer+dishwasher,context_before,4404447,2014-11-24 04:56:34,1416804994,2437,0,0,2260,0
REFIT-H1-COACT-000017,washer+dishwasher,context_before,4404447,2014-11-24 04:56:34,1416804994,2437,0,0,2260,0
REFIT-H1-COACT-000015,washer+dishwasher,context_before,4404448,2014-11-24 04:56:41,1416805001,2436,0,0,2224,0
REFIT-H1-COACT-000016,washer+dishwasher,context_before,4404448,2014-11-24 04:56:41,1416805001,2436,0,0,2224,0
REFIT-H1-COACT-000017,washer+dishwasher,context_before,4404448,2014-11-24 04:56:41,1416805001,2436,0,0,2224,0
REFIT-H1-COACT-000015,washer+dishwasher,context_before,4404449,2014-11-24 04:56:48,1416805008,2441,0,0,2268,0
REFIT-H1-COACT-000016,washer+dishwasher,context_before,4404449,2014-11-24 04:56:48,1416805008,2441,0,0,2268,0
REFIT-H1-COACT-000017,washer+dishwasher,context_before,4404449,2014-11-24 04:56:48,1416805008,2441,0,0,2268,0
REFIT-H1-COACT-000015,washer+dishwasher,context_before,4404450,2014-11-24 04:56:55,1416805015,2458,0,0,2232,0
REFIT-H1-COACT-000016,washer+dishwasher,context_before,4404450,2014-11-24 04:56:55,1416805015,2458,0,0,2232,0
REFIT-H1-COACT-000017,washer+dishwasher,context_before,4404450,2014-11-24 04:56:55,1416805015,2458,0,0,2232,0
REFIT-H1-COACT-000015,washer+dishwasher,context_before,4404451,2014-11-24 04:57:01,1416805021,2438,0,0,2232,0
REFIT-H1-COACT-000016,washer+dishwasher,context_before,4404451,2014-11-24 04:57:01,1416805021,2438,0,0,2232,0
REFIT-H1-COACT-000017,washer+dishwasher,context_before,4404451,2014-11-24 04:57:01,1416805021,2438,0,0,2232,0
REFIT-H1-COACT-000015,washer+dishwasher,context_before,4404452,2014-11-24 04:57:08,1416805028,2490,0,0,2240,0
REFIT-H1-COACT-000016,washer+dishwasher,context_before,4404452,2014-11-24 04:57:08,1416805028,2490,0,0,2240,0
REFIT-H1-COACT-000017,washer+dishwasher,context_before,4404452,2014-11-24 04:57:08,1416805028,2490,0,0,2240,0
REFIT-H1-COACT-000015,washer+dishwasher,context_before,4404453,2014-11-24 04:57:15,1416805035,2439,0,5,2277,0
REFIT-H1-COACT-000016,washer+dishwasher,context_before,4404453,2014-11-24 04:57:15,1416805035,2439,0,5,2277,0
REFIT-H1-COACT-000017,washer+dishwasher,context_before,4404453,2014-11-24 04:57:15,1416805035,2439,0,5,2277,0
REFIT-H1-COACT-000015,washer+dishwasher,context_before,4404454,2014-11-24 04:57:21,1416805041,2451,0,10,2277,0
REFIT-H1-COACT-000016,washer+dishwasher,context_before,4404454,2014-11-24 04:57:21,1416805041,2451,0,10,2277,0
REFIT-H1-COACT-000017,washer+dishwasher,context_before,4404454,2014-11-24 04:57:21,1416805041,2451,0,10,2277,0
REFIT-H1-COACT-000015,washer+dishwasher,context_before,4404455,2014-11-24 04:57:28,1416805048,2441,0,7,2260,0
REFIT-H1-COACT-000016,washer+dishwasher,context_before,4404455,2014-11-24 04:57:28,1416805048,2441,0,7,2260,0
REFIT-H1-COACT-000017,washer+dishwasher,context_before,4404455,2014-11-24 04:57:28,1416805048,2441,0,7,2260,0
REFIT-H1-COACT-000015,washer+dishwasher,context_before,4404456,2014-11-24 04:57:35,1416805055,2444,0,7,2244,0
REFIT-H1-COACT-000016,washer+dishwasher,context_before,4404456,2014-11-24 04:57:35,1416805055,2444,0,7,2244,0
REFIT-H1-COACT-000017,washer+dishwasher,context_before,4404456,2014-11-24 04:57:35,1416805055,2444,0,7,2244,0
REFIT-H1-COACT-000015,washer+dishwasher,context_before,4404457,2014-11-24 04:57:42,1416805062,2476,0,7,2236,0
REFIT-H1-COACT-000016,washer+dishwasher,context_before,4404457,2014-11-24 04:57:42,1416805062,2476,0,7,2236,0
REFIT-H1-COACT-000017,washer+dishwasher,context_before,4404457,2014-11-24 04:57:42,1416805062,2476,0,7,2236,0
REFIT-H1-COACT-000015,washer+dishwasher,context_before,4404458,2014-11-24 04:57:48,1416805068,2577,0,10,2228,0
REFIT-H1-COACT-000016,washer+dishwasher,context_before,4404458,2014-11-24 04:57:48,1416805068,2577,0,10,2228,0
REFIT-H1-COACT-000017,washer+dishwasher,context_before,4404458,2014-11-24 04:57:48,1416805068,2577,0,10,2228,0
REFIT-H1-COACT-000015,washer+dishwasher,context_before,4404459,2014-11-24 04:57:55,1416805075,2605,0,10,2228,0
REFIT-H1-COACT-000016,washer+dishwasher,context_before,4404459,2014-11-24 04:57:55,1416805075,2605,0,10,2228,0
REFIT-H1-COACT-000017,washer+dishwasher,context_before,4404459,2014-11-24 04:57:55,1416805075,2605,0,10,2228,0
REFIT-H1-COACT-000015,washer+dishwasher,context_before,4404460,2014-11-24 04:58:02,1416805082,2582,0,10,2224,0
REFIT-H1-COACT-000016,washer+dishwasher,context_before,4404460,2014-11-24 04:58:02,1416805082,2582,0,10,2224,0
REFIT-H1-COACT-000017,washer+dishwasher,context_before,4404460,2014-11-24 04:58:02,1416805082,2582,0,10,2224,0
REFIT-H1-COACT-000015,washer+dishwasher,candidate_window,4404461,2014-11-24 04:58:09,1416805089,2611,0,115,2248,0
REFIT-H1-COACT-000016,washer+dishwasher,context_before,4404461,2014-11-24 04:58:09,1416805089,2611,0,115,2248,0
REFIT-H1-COACT-000017,washer+dishwasher,context_before,4404461,2014-11-24 04:58:09,1416805089,2611,0,115,2248,0
REFIT-H1-COACT-000015,washer+dishwasher,context_after,4404462,2014-11-24 04:58:15,1416805095,2438,0,10,2252,0
REFIT-H1-COACT-000016,washer+dishwasher,context_before,4404462,2014-11-24 04:58:15,1416805095,2438,0,10,2252,0
REFIT-H1-COACT-000017,washer+dishwasher,context_before,4404462,2014-11-24 04:58:15,1416805095,2438,0,10,2252,0
REFIT-H1-COACT-000015,washer+dishwasher,context_after,4404463,2014-11-24 04:58:22,1416805102,2622,0,147,2268,0
REFIT-H1-COACT-000016,washer+dishwasher,candidate_window,4404463,2014-11-24 04:58:22,1416805102,2622,0,147,2268,0
REFIT-H1-COACT-000017,washer+dishwasher,context_before,4404463,2014-11-24 04:58:22,1416805102,2622,0,147,2268,0
REFIT-H1-COACT-000015,washer+dishwasher,context_after,4404464,2014-11-24 04:58:29,1416805109,2639,0,162,2224,0
REFIT-H1-COACT-000016,washer+dishwasher,candidate_window,4404464,2014-11-24 04:58:29,1416805109,2639,0,162,2224,0
REFIT-H1-COACT-000017,washer+dishwasher,context_before,4404464,2014-11-24 04:58:29,1416805109,2639,0,162,2224,0
REFIT-H1-COACT-000015,washer+dishwasher,context_after,4404465,2014-11-24 04:58:36,1416805116,2427,0,162,2260,1
REFIT-H1-COACT-000016,washer+dishwasher,context_after,4404465,2014-11-24 04:58:36,1416805116,2427,0,162,2260,1
REFIT-H1-COACT-000017,washer+dishwasher,context_before,4404465,2014-11-24 04:58:36,1416805116,2427,0,162,2260,1
REFIT-H1-COACT-000015,washer+dishwasher,context_after,4404466,2014-11-24 04:58:42,1416805122,2576,0,2155,2204,1
REFIT-H1-COACT-000016,washer+dishwasher,context_after,4404466,2014-11-24 04:58:42,1416805122,2576,0,2155,2204,1
REFIT-H1-COACT-000017,washer+dishwasher,context_before,4404466,2014-11-24 04:58:42,1416805122,2576,0,2155,2204,1
REFIT-H1-COACT-000015,washer+dishwasher,context_after,4404467,2014-11-24 04:58:49,1416805129,5115,0,2252,2212,0
REFIT-H1-COACT-000016,washer+dishwasher,context_after,4404467,2014-11-24 04:58:49,1416805129,5115,0,2252,2212,0
REFIT-H1-COACT-000017,washer+dishwasher,candidate_window,4404467,2014-11-24 04:58:49,1416805129,5115,0,2252,2212,0
REFIT-H1-COACT-000015,washer+dishwasher,context_after,4404468,2014-11-24 04:58:56,1416805136,5032,0,2281,2193,0
REFIT-H1-COACT-000016,washer+dishwasher,context_after,4404468,2014-11-24 04:58:56,1416805136,5032,0,2281,2193,0
REFIT-H1-COACT-000017,washer+dishwasher,candidate_window,4404468,2014-11-24 04:58:56,1416805136,5032,0,2281,2193,0
REFIT-H1-COACT-000015,washer+dishwasher,context_after,4404469,2014-11-24 04:59:02,1416805142,5020,0,2293,2216,0
REFIT-H1-COACT-000016,washer+dishwasher,context_after,4404469,2014-11-24 04:59:02,1416805142,5020,0,2293,2216,0
REFIT-H1-COACT-000017,washer+dishwasher,candidate_window,4404469,2014-11-24 04:59:02,1416805142,5020,0,2293,2216,0
REFIT-H1-COACT-000015,washer+dishwasher,context_after,4404470,2014-11-24 04:59:09,1416805149,4838,0,2345,2220,0
REFIT-H1-COACT-000016,washer+dishwasher,context_after,4404470,2014-11-24 04:59:09,1416805149,4838,0,2345,2220,0
REFIT-H1-COACT-000017,washer+dishwasher,candidate_window,4404470,2014-11-24 04:59:09,1416805149,4838,0,2345,2220,0
REFIT-H1-COACT-000015,washer+dishwasher,context_after,4404471,2014-11-24 04:59:16,1416805156,5123,0,2298,2220,0
REFIT-H1-COACT-000016,washer+dishwasher,context_after,4404471,2014-11-24 04:59:16,1416805156,5123,0,2298,2220,0
REFIT-H1-COACT-000017,washer+dishwasher,candidate_window,4404471,2014-11-24 04:59:16,1416805156,5123,0,2298,2220,0
REFIT-H1-COACT-000015,washer+dishwasher,context_after,4404472,2014-11-24 04:59:23,1416805163,4783,0,2119,2212,0
REFIT-H1-COACT-000016,washer+dishwasher,context_after,4404472,2014-11-24 04:59:23,1416805163,4783,0,2119,2212,0
REFIT-H1-COACT-000017,washer+dishwasher,candidate_window,4404472,2014-11-24 04:59:23,1416805163,4783,0,2119,2212,0
REFIT-H1-COACT-000015,washer+dishwasher,context_after,4404473,2014-11-24 04:59:29,1416805169,5124,0,2281,2197,0
REFIT-H1-COACT-000016,washer+dishwasher,context_after,4404473,2014-11-24 04:59:29,1416805169,5124,0,2281,2197,0
REFIT-H1-COACT-000017,washer+dishwasher,candidate_window,4404473,2014-11-24 04:59:29,1416805169,5124,0,2281,2197,0
REFIT-H1-COACT-000015,washer+dishwasher,context_after,4404474,2014-11-24 04:59:36,1416805176,4992,0,2289,2212,0
REFIT-H1-COACT-000016,washer+dishwasher,context_after,4404474,2014-11-24 04:59:36,1416805176,4992,0,2289,2212,0
REFIT-H1-COACT-000017,washer+dishwasher,candidate_window,4404474,2014-11-24 04:59:36,1416805176,4992,0,2289,2212,0
REFIT-H1-COACT-000015,washer+dishwasher,context_after,4404475,2014-11-24 04:59:43,1416805183,4783,0,2144,2212,0
REFIT-H1-COACT-000016,washer+dishwasher,context_after,4404475,2014-11-24 04:59:43,1416805183,4783,0,2144,2212,0
REFIT-H1-COACT-000017,washer+dishwasher,candidate_window,4404475,2014-11-24 04:59:43,1416805183,4783,0,2144,2212,0
REFIT-H1-COACT-000015,washer+dishwasher,context_after,4404476,2014-11-24 04:59:49,1416805189,5056,0,2281,2212,0
REFIT-H1-COACT-000016,washer+dishwasher,context_after,4404476,2014-11-24 04:59:49,1416805189,5056,0,2281,2212,0
REFIT-H1-COACT-000017,washer+dishwasher,candidate_window,4404476,2014-11-24 04:59:49,1416805189,5056,0,2281,2212,0
REFIT-H1-COACT-000015,washer+dishwasher,context_after,4404477,2014-11-24 04:59:56,1416805196,5034,0,2302,2181,0
REFIT-H1-COACT-000016,washer+dishwasher,context_after,4404477,2014-11-24 04:59:56,1416805196,5034,0,2302,2181,0
REFIT-H1-COACT-000017,washer+dishwasher,candidate_window,4404477,2014-11-24 04:59:56,1416805196,5034,0,2302,2181,0
REFIT-H1-COACT-000015,washer+dishwasher,context_after,4404478,2014-11-24 05:00:03,1416805203,4786,0,2101,2178,0
REFIT-H1-COACT-000016,washer+dishwasher,context_after,4404478,2014-11-24 05:00:03,1416805203,4786,0,2101,2178,0
REFIT-H1-COACT-000017,washer+dishwasher,candidate_window,4404478,2014-11-24 05:00:03,1416805203,4786,0,2101,2178,0
REFIT-H1-COACT-000015,washer+dishwasher,context_after,4404479,2014-11-24 05:00:09,1416805209,4979,0,2285,2193,0
REFIT-H1-COACT-000016,washer+dishwasher,context_after,4404479,2014-11-24 05:00:09,1416805209,4979,0,2285,2193,0
REFIT-H1-COACT-000017,washer+dishwasher,candidate_window,4404479,2014-11-24 05:00:09,1416805209,4979,0,2285,2193,0
REFIT-H1-COACT-000015,washer+dishwasher,context_after,4404480,2014-11-24 05:00:16,1416805216,5061,0,2293,2208,0
REFIT-H1-COACT-000016,washer+dishwasher,context_after,4404480,2014-11-24 05:00:16,1416805216,5061,0,2293,2208,0
REFIT-H1-COACT-000017,washer+dishwasher,candidate_window,4404480,2014-11-24 05:00:16,1416805216,5061,0,2293,2208,0
REFIT-H1-COACT-000015,washer+dishwasher,context_after,4404481,2014-11-24 05:00:23,1416805223,5121,0,2302,2159,0
REFIT-H1-COACT-000016,washer+dishwasher,context_after,4404481,2014-11-24 05:00:23,1416805223,5121,0,2302,2159,0
REFIT-H1-COACT-000017,washer+dishwasher,candidate_window,4404481,2014-11-24 05:00:23,1416805223,5121,0,2302,2159,0
REFIT-H1-COACT-000015,washer+dishwasher,context_after,4404482,2014-11-24 05:00:30,1416805230,5216,0,2137,2212,0
REFIT-H1-COACT-000016,washer+dishwasher,context_after,4404482,2014-11-24 05:00:30,1416805230,5216,0,2137,2212,0
REFIT-H1-COACT-000017,washer+dishwasher,candidate_window,4404482,2014-11-24 05:00:30,1416805230,5216,0,2137,2212,0
REFIT-H1-COACT-000015,washer+dishwasher,context_after,4404483,2014-11-24 05:00:36,1416805236,5093,0,2248,2212,0
REFIT-H1-COACT-000016,washer+dishwasher,context_after,4404483,2014-11-24 05:00:36,1416805236,5093,0,2248,2212,0
REFIT-H1-COACT-000017,washer+dishwasher,candidate_window,4404483,2014-11-24 05:00:36,1416805236,5093,0,2248,2212,0
REFIT-H1-COACT-000015,washer+dishwasher,context_after,4404484,2014-11-24 05:00:43,1416805243,5104,0,2070,2174,0
REFIT-H1-COACT-000016,washer+dishwasher,context_after,4404484,2014-11-24 05:00:43,1416805243,5104,0,2070,2174,0
REFIT-H1-COACT-000017,washer+dishwasher,candidate_window,4404484,2014-11-24 05:00:43,1416805243,5104,0,2070,2174,0
REFIT-H1-COACT-000015,washer+dishwasher,context_after,4404485,2014-11-24 05:00:50,1416805250,4768,0,2277,2204,0
REFIT-H1-COACT-000016,washer+dishwasher,context_after,4404485,2014-11-24 05:00:50,1416805250,4768,0,2277,2204,0
REFIT-H1-COACT-000017,washer+dishwasher,candidate_window,4404485,2014-11-24 05:00:50,1416805250,4768,0,2277,2204,0
REFIT-H1-COACT-000015,washer+dishwasher,context_after,4404486,2014-11-24 05:00:57,1416805257,5067,0,2281,2201,0
REFIT-H1-COACT-000016,washer+dishwasher,context_after,4404486,2014-11-24 05:00:57,1416805257,5067,0,2281,2201,0
REFIT-H1-COACT-000017,washer+dishwasher,candidate_window,4404486,2014-11-24 05:00:57,1416805257,5067,0,2281,2201,0
REFIT-H1-COACT-000015,washer+dishwasher,context_after,4404487,2014-11-24 05:01:04,1416805264,4953,0,2112,2212,0
REFIT-H1-COACT-000016,washer+dishwasher,context_after,4404487,2014-11-24 05:01:04,1416805264,4953,0,2112,2212,0
REFIT-H1-COACT-000017,washer+dishwasher,candidate_window,4404487,2014-11-24 05:01:04,1416805264,4953,0,2112,2212,0
REFIT-H1-COACT-000015,washer+dishwasher,context_after,4404488,2014-11-24 05:01:10,1416805270,5209,0,2354,2224,0
REFIT-H1-COACT-000016,washer+dishwasher,context_after,4404488,2014-11-24 05:01:10,1416805270,5209,0,2354,2224,0
REFIT-H1-COACT-000017,washer+dishwasher,candidate_window,4404488,2014-11-24 05:01:10,1416805270,5209,0,2354,2224,0
REFIT-H1-COACT-000015,washer+dishwasher,context_after,4404489,2014-11-24 05:01:17,1416805277,5032,0,2323,2181,0
REFIT-H1-COACT-000016,washer+dishwasher,context_after,4404489,2014-11-24 05:01:17,1416805277,5032,0,2323,2181,0
REFIT-H1-COACT-000017,washer+dishwasher,candidate_window,4404489,2014-11-24 05:01:17,1416805277,5032,0,2323,2181,0
REFIT-H1-COACT-000015,washer+dishwasher,context_after,4404490,2014-11-24 05:01:24,1416805284,4870,0,2133,2181,0
REFIT-H1-COACT-000016,washer+dishwasher,context_after,4404490,2014-11-24 05:01:24,1416805284,4870,0,2133,2181,0
REFIT-H1-COACT-000017,washer+dishwasher,candidate_window,4404490,2014-11-24 05:01:24,1416805284,4870,0,2133,2181,0
REFIT-H1-COACT-000015,washer+dishwasher,context_after,4404491,2014-11-24 05:01:31,1416805291,5130,0,2240,2208,0
REFIT-H1-COACT-000016,washer+dishwasher,context_after,4404491,2014-11-24 05:01:31,1416805291,5130,0,2240,2208,0
REFIT-H1-COACT-000017,washer+dishwasher,candidate_window,4404491,2014-11-24 05:01:31,1416805291,5130,0,2240,2208,0
REFIT-H1-COACT-000016,washer+dishwasher,context_after,4404492,2014-11-24 05:01:38,1416805298,5130,0,2264,2178,0
REFIT-H1-COACT-000017,washer+dishwasher,candidate_window,4404492,2014-11-24 05:01:38,1416805298,5130,0,2264,2178,0
REFIT-H1-COACT-000016,washer+dishwasher,context_after,4404493,2014-11-24 05:01:44,1416805304,4862,0,2268,2224,0
REFIT-H1-COACT-000017,washer+dishwasher,candidate_window,4404493,2014-11-24 05:01:44,1416805304,4862,0,2268,2224,0
REFIT-H1-COACT-000016,washer+dishwasher,context_after,4404494,2014-11-24 05:01:51,1416805311,4939,0,2133,2197,0
REFIT-H1-COACT-000017,washer+dishwasher,candidate_window,4404494,2014-11-24 05:01:51,1416805311,4939,0,2133,2197,0
REFIT-H1-COACT-000017,washer+dishwasher,candidate_window,4404495,2014-11-24 05:01:58,1416805318,5133,0,2289,2212,0
REFIT-H1-COACT-000017,washer+dishwasher,candidate_window,4404496,2014-11-24 05:02:04,1416805324,4783,0,2129,2181,0
REFIT-H1-COACT-000017,washer+dishwasher,candidate_window,4404497,2014-11-24 05:02:11,1416805331,4964,0,2201,2220,0
REFIT-H1-COACT-000017,washer+dishwasher,candidate_window,4404498,2014-11-24 05:02:18,1416805338,5114,0,2240,2201,0
REFIT-H1-COACT-000017,washer+dishwasher,candidate_window,4404499,2014-11-24 05:02:25,1416805345,5093,0,2090,2163,0
REFIT-H1-COACT-000017,washer+dishwasher,candidate_window,4404500,2014-11-24 05:02:31,1416805351,5093,0,2204,2189,0
REFIT-H1-COACT-000017,washer+dishwasher,candidate_window,4404501,2014-11-24 05:02:38,1416805358,5112,0,2204,2197,0
REFIT-H1-COACT-000017,washer+dishwasher,candidate_window,4404502,2014-11-24 05:02:45,1416805365,5011,0,2240,2204,0
REFIT-H1-COACT-000017,washer+dishwasher,candidate_window,4404503,2014-11-24 05:02:52,1416805372,4829,0,2354,2170,0
REFIT-H1-COACT-000017,washer+dishwasher,candidate_window,4404504,2014-11-24 05:02:58,1416805378,5109,0,2236,2174,0
REFIT-H1-COACT-000017,washer+dishwasher,candidate_window,4404505,2014-11-24 05:03:05,1416805385,4823,0,2264,2201,0
REFIT-H1-COACT-000017,washer+dishwasher,candidate_window,4404506,2014-11-24 05:03:12,1416805392,5078,0,2119,2174,0
REFIT-H1-COACT-000017,washer+dishwasher,candidate_window,4404507,2014-11-24 05:03:19,1416805399,5014,0,2268,2163,0
REFIT-H1-COACT-000017,washer+dishwasher,candidate_window,4404508,2014-11-24 05:03:25,1416805405,4754,0,2268,2185,0
REFIT-H1-COACT-000017,washer+dishwasher,candidate_window,4404509,2014-11-24 05:03:32,1416805412,4923,0,2252,2174,0
REFIT-H1-COACT-000017,washer+dishwasher,candidate_window,4404510,2014-11-24 05:03:39,1416805419,4917,0,2232,2193,0
REFIT-H1-COACT-000017,washer+dishwasher,candidate_window,4404511,2014-11-24 05:03:45,1416805425,5024,0,2097,2212,0
REFIT-H1-COACT-000017,washer+dishwasher,candidate_window,4404512,2014-11-24 05:03:52,1416805432,5216,0,2212,2174,0
REFIT-H1-COACT-000017,washer+dishwasher,context_after,4404513,2014-11-24 05:03:59,1416805439,2648,0,2212,83,0
REFIT-H1-COACT-000017,washer+dishwasher,context_after,4404514,2014-11-24 05:04:06,1416805446,2648,0,2315,67,0
REFIT-H1-COACT-000017,washer+dishwasher,context_after,4404515,2014-11-24 05:04:13,1416805453,2648,0,2155,66,0
REFIT-H1-COACT-000017,washer+dishwasher,context_after,4404516,2014-11-24 05:04:19,1416805459,2619,0,2244,66,0
REFIT-H1-COACT-000017,washer+dishwasher,context_after,4404517,2014-11-24 05:04:26,1416805466,2582,0,2281,66,0
REFIT-H1-COACT-000018,washer+dishwasher,context_before,4404517,2014-11-24 05:04:26,1416805466,2582,0,2281,66,0
REFIT-H1-COACT-000017,washer+dishwasher,context_after,4404518,2014-11-24 05:04:33,1416805473,2360,0,2133,66,0
REFIT-H1-COACT-000018,washer+dishwasher,context_before,4404518,2014-11-24 05:04:33,1416805473,2360,0,2133,66,0
REFIT-H1-COACT-000017,washer+dishwasher,context_after,4404519,2014-11-24 05:04:40,1416805480,2611,0,2302,66,0
REFIT-H1-COACT-000018,washer+dishwasher,context_before,4404519,2014-11-24 05:04:40,1416805480,2611,0,2302,66,0
REFIT-H1-COACT-000019,washer+dishwasher,context_before,4404519,2014-11-24 05:04:40,1416805480,2611,0,2302,66,0
REFIT-H1-COACT-000017,washer+dishwasher,context_after,4404520,2014-11-24 05:04:47,1416805487,2604,0,2163,65,0
REFIT-H1-COACT-000018,washer+dishwasher,context_before,4404520,2014-11-24 05:04:47,1416805487,2604,0,2163,65,0
REFIT-H1-COACT-000019,washer+dishwasher,context_before,4404520,2014-11-24 05:04:47,1416805487,2604,0,2163,65,0
REFIT-H1-COACT-000017,washer+dishwasher,context_after,4404521,2014-11-24 05:04:53,1416805493,2375,0,2189,29,0
REFIT-H1-COACT-000018,washer+dishwasher,context_before,4404521,2014-11-24 05:04:53,1416805493,2375,0,2189,29,0
REFIT-H1-COACT-000019,washer+dishwasher,context_before,4404521,2014-11-24 05:04:53,1416805493,2375,0,2189,29,0
REFIT-H1-COACT-000017,washer+dishwasher,context_after,4404522,2014-11-24 05:05:00,1416805500,2637,0,2189,29,0
REFIT-H1-COACT-000018,washer+dishwasher,context_before,4404522,2014-11-24 05:05:00,1416805500,2637,0,2189,29,0
REFIT-H1-COACT-000019,washer+dishwasher,context_before,4404522,2014-11-24 05:05:00,1416805500,2637,0,2189,29,0
REFIT-H1-COACT-000020,washer+dishwasher,context_before,4404522,2014-11-24 05:05:00,1416805500,2637,0,2189,29,0
REFIT-H1-COACT-000017,washer+dishwasher,context_after,4404523,2014-11-24 05:05:07,1416805507,2327,0,2204,29,0
REFIT-H1-COACT-000018,washer+dishwasher,context_before,4404523,2014-11-24 05:05:07,1416805507,2327,0,2204,29,0
REFIT-H1-COACT-000019,washer+dishwasher,context_before,4404523,2014-11-24 05:05:07,1416805507,2327,0,2204,29,0
REFIT-H1-COACT-000020,washer+dishwasher,context_before,4404523,2014-11-24 05:05:07,1416805507,2327,0,2204,29,0
REFIT-H1-COACT-000017,washer+dishwasher,context_after,4404524,2014-11-24 05:05:13,1416805513,2552,0,2240,60,0
REFIT-H1-COACT-000018,washer+dishwasher,context_before,4404524,2014-11-24 05:05:13,1416805513,2552,0,2240,60,0
REFIT-H1-COACT-000019,washer+dishwasher,context_before,4404524,2014-11-24 05:05:13,1416805513,2552,0,2240,60,0
REFIT-H1-COACT-000020,washer+dishwasher,context_before,4404524,2014-11-24 05:05:13,1416805513,2552,0,2240,60,0
REFIT-H1-COACT-000021,washer+dishwasher,context_before,4404524,2014-11-24 05:05:13,1416805513,2552,0,2240,60,0
REFIT-H1-COACT-000017,washer+dishwasher,context_after,4404525,2014-11-24 05:05:20,1416805520,2571,0,2285,26,0
REFIT-H1-COACT-000018,washer+dishwasher,context_before,4404525,2014-11-24 05:05:20,1416805520,2571,0,2285,26,0
REFIT-H1-COACT-000019,washer+dishwasher,context_before,4404525,2014-11-24 05:05:20,1416805520,2571,0,2285,26,0
REFIT-H1-COACT-000020,washer+dishwasher,context_before,4404525,2014-11-24 05:05:20,1416805520,2571,0,2285,26,0
REFIT-H1-COACT-000021,washer+dishwasher,context_before,4404525,2014-11-24 05:05:20,1416805520,2571,0,2285,26,0
REFIT-H1-COACT-000017,washer+dishwasher,context_after,4404526,2014-11-24 05:05:27,1416805527,2647,0,2289,24,0
REFIT-H1-COACT-000018,washer+dishwasher,context_before,4404526,2014-11-24 05:05:27,1416805527,2647,0,2289,24,0
REFIT-H1-COACT-000019,washer+dishwasher,context_before,4404526,2014-11-24 05:05:27,1416805527,2647,0,2289,24,0
REFIT-H1-COACT-000020,washer+dishwasher,context_before,4404526,2014-11-24 05:05:27,1416805527,2647,0,2289,24,0
REFIT-H1-COACT-000021,washer+dishwasher,context_before,4404526,2014-11-24 05:05:27,1416805527,2647,0,2289,24,0
REFIT-H1-COACT-000017,washer+dishwasher,context_after,4404527,2014-11-24 05:05:33,1416805533,2406,0,2289,24,0
REFIT-H1-COACT-000018,washer+dishwasher,context_before,4404527,2014-11-24 05:05:33,1416805533,2406,0,2289,24,0
REFIT-H1-COACT-000019,washer+dishwasher,context_before,4404527,2014-11-24 05:05:33,1416805533,2406,0,2289,24,0
REFIT-H1-COACT-000020,washer+dishwasher,context_before,4404527,2014-11-24 05:05:33,1416805533,2406,0,2289,24,0
REFIT-H1-COACT-000021,washer+dishwasher,context_before,4404527,2014-11-24 05:05:33,1416805533,2406,0,2289,24,0
REFIT-H1-COACT-000022,washer+dishwasher,context_before,4404527,2014-11-24 05:05:33,1416805533,2406,0,2289,24,0
REFIT-H1-COACT-000017,washer+dishwasher,context_after,4404528,2014-11-24 05:05:40,1416805540,763,0,2289,25,1
REFIT-H1-COACT-000018,washer+dishwasher,context_before,4404528,2014-11-24 05:05:40,1416805540,763,0,2289,25,1
REFIT-H1-COACT-000019,washer+dishwasher,context_before,4404528,2014-11-24 05:05:40,1416805540,763,0,2289,25,1
REFIT-H1-COACT-000020,washer+dishwasher,context_before,4404528,2014-11-24 05:05:40,1416805540,763,0,2289,25,1
REFIT-H1-COACT-000021,washer+dishwasher,context_before,4404528,2014-11-24 05:05:40,1416805540,763,0,2289,25,1
REFIT-H1-COACT-000022,washer+dishwasher,context_before,4404528,2014-11-24 05:05:40,1416805540,763,0,2289,25,1
REFIT-H1-COACT-000017,washer+dishwasher,context_after,4404529,2014-11-24 05:05:47,1416805547,844,0,163,25,0
REFIT-H1-COACT-000018,washer+dishwasher,context_before,4404529,2014-11-24 05:05:47,1416805547,844,0,163,25,0
REFIT-H1-COACT-000019,washer+dishwasher,context_before,4404529,2014-11-24 05:05:47,1416805547,844,0,163,25,0
REFIT-H1-COACT-000020,washer+dishwasher,context_before,4404529,2014-11-24 05:05:47,1416805547,844,0,163,25,0
REFIT-H1-COACT-000021,washer+dishwasher,context_before,4404529,2014-11-24 05:05:47,1416805547,844,0,163,25,0
REFIT-H1-COACT-000022,washer+dishwasher,context_before,4404529,2014-11-24 05:05:47,1416805547,844,0,163,25,0
REFIT-H1-COACT-000017,washer+dishwasher,context_after,4404530,2014-11-24 05:05:53,1416805553,253,0,163,25,1
REFIT-H1-COACT-000018,washer+dishwasher,context_before,4404530,2014-11-24 05:05:53,1416805553,253,0,163,25,1
REFIT-H1-COACT-000019,washer+dishwasher,context_before,4404530,2014-11-24 05:05:53,1416805553,253,0,163,25,1
REFIT-H1-COACT-000020,washer+dishwasher,context_before,4404530,2014-11-24 05:05:53,1416805553,253,0,163,25,1
REFIT-H1-COACT-000021,washer+dishwasher,context_before,4404530,2014-11-24 05:05:53,1416805553,253,0,163,25,1
REFIT-H1-COACT-000022,washer+dishwasher,context_before,4404530,2014-11-24 05:05:53,1416805553,253,0,163,25,1
REFIT-H1-COACT-000017,washer+dishwasher,context_after,4404531,2014-11-24 05:06:00,1416805560,794,0,182,25,0
REFIT-H1-COACT-000018,washer+dishwasher,context_before,4404531,2014-11-24 05:06:00,1416805560,794,0,182,25,0
REFIT-H1-COACT-000019,washer+dishwasher,context_before,4404531,2014-11-24 05:06:00,1416805560,794,0,182,25,0
REFIT-H1-COACT-000020,washer+dishwasher,context_before,4404531,2014-11-24 05:06:00,1416805560,794,0,182,25,0
REFIT-H1-COACT-000021,washer+dishwasher,context_before,4404531,2014-11-24 05:06:00,1416805560,794,0,182,25,0
REFIT-H1-COACT-000022,washer+dishwasher,context_before,4404531,2014-11-24 05:06:00,1416805560,794,0,182,25,0
REFIT-H1-COACT-000017,washer+dishwasher,context_after,4404532,2014-11-24 05:06:07,1416805567,760,0,159,2,0
REFIT-H1-COACT-000018,washer+dishwasher,context_before,4404532,2014-11-24 05:06:07,1416805567,760,0,159,2,0
REFIT-H1-COACT-000019,washer+dishwasher,context_before,4404532,2014-11-24 05:06:07,1416805567,760,0,159,2,0
REFIT-H1-COACT-000020,washer+dishwasher,context_before,4404532,2014-11-24 05:06:07,1416805567,760,0,159,2,0
REFIT-H1-COACT-000021,washer+dishwasher,context_before,4404532,2014-11-24 05:06:07,1416805567,760,0,159,2,0
REFIT-H1-COACT-000022,washer+dishwasher,context_before,4404532,2014-11-24 05:06:07,1416805567,760,0,159,2,0
REFIT-H1-COACT-000017,washer+dishwasher,context_after,4404533,2014-11-24 05:06:14,1416805574,633,0,172,8,0
REFIT-H1-COACT-000018,washer+dishwasher,context_before,4404533,2014-11-24 05:06:14,1416805574,633,0,172,8,0
REFIT-H1-COACT-000019,washer+dishwasher,context_before,4404533,2014-11-24 05:06:14,1416805574,633,0,172,8,0
REFIT-H1-COACT-000020,washer+dishwasher,context_before,4404533,2014-11-24 05:06:14,1416805574,633,0,172,8,0
REFIT-H1-COACT-000021,washer+dishwasher,context_before,4404533,2014-11-24 05:06:14,1416805574,633,0,172,8,0
REFIT-H1-COACT-000022,washer+dishwasher,context_before,4404533,2014-11-24 05:06:14,1416805574,633,0,172,8,0
REFIT-H1-COACT-000017,washer+dishwasher,context_after,4404534,2014-11-24 05:06:20,1416805580,862,0,142,8,0
REFIT-H1-COACT-000018,washer+dishwasher,context_before,4404534,2014-11-24 05:06:20,1416805580,862,0,142,8,0
REFIT-H1-COACT-000019,washer+dishwasher,context_before,4404534,2014-11-24 05:06:20,1416805580,862,0,142,8,0
REFIT-H1-COACT-000020,washer+dishwasher,context_before,4404534,2014-11-24 05:06:20,1416805580,862,0,142,8,0
REFIT-H1-COACT-000021,washer+dishwasher,context_before,4404534,2014-11-24 05:06:20,1416805580,862,0,142,8,0
REFIT-H1-COACT-000022,washer+dishwasher,context_before,4404534,2014-11-24 05:06:20,1416805580,862,0,142,8,0
REFIT-H1-COACT-000017,washer+dishwasher,context_after,4404535,2014-11-24 05:06:27,1416805587,862,0,131,8,0
REFIT-H1-COACT-000018,washer+dishwasher,context_before,4404535,2014-11-24 05:06:27,1416805587,862,0,131,8,0
REFIT-H1-COACT-000019,washer+dishwasher,context_before,4404535,2014-11-24 05:06:27,1416805587,862,0,131,8,0
REFIT-H1-COACT-000020,washer+dishwasher,context_before,4404535,2014-11-24 05:06:27,1416805587,862,0,131,8,0
REFIT-H1-COACT-000021,washer+dishwasher,context_before,4404535,2014-11-24 05:06:27,1416805587,862,0,131,8,0
REFIT-H1-COACT-000022,washer+dishwasher,context_before,4404535,2014-11-24 05:06:27,1416805587,862,0,131,8,0
REFIT-H1-COACT-000017,washer+dishwasher,context_after,4404536,2014-11-24 05:06:34,1416805594,223,0,131,8,0
REFIT-H1-COACT-000018,washer+dishwasher,context_before,4404536,2014-11-24 05:06:34,1416805594,223,0,131,8,0
REFIT-H1-COACT-000019,washer+dishwasher,context_before,4404536,2014-11-24 05:06:34,1416805594,223,0,131,8,0
REFIT-H1-COACT-000020,washer+dishwasher,context_before,4404536,2014-11-24 05:06:34,1416805594,223,0,131,8,0
REFIT-H1-COACT-000021,washer+dishwasher,context_before,4404536,2014-11-24 05:06:34,1416805594,223,0,131,8,0
REFIT-H1-COACT-000022,washer+dishwasher,context_before,4404536,2014-11-24 05:06:34,1416805594,223,0,131,8,0
REFIT-H1-COACT-000017,washer+dishwasher,context_after,4404537,2014-11-24 05:06:40,1416805600,223,0,106,8,0
REFIT-H1-COACT-000018,washer+dishwasher,context_before,4404537,2014-11-24 05:06:40,1416805600,223,0,106,8,0
REFIT-H1-COACT-000019,washer+dishwasher,context_before,4404537,2014-11-24 05:06:40,1416805600,223,0,106,8,0
REFIT-H1-COACT-000020,washer+dishwasher,context_before,4404537,2014-11-24 05:06:40,1416805600,223,0,106,8,0
REFIT-H1-COACT-000021,washer+dishwasher,context_before,4404537,2014-11-24 05:06:40,1416805600,223,0,106,8,0
REFIT-H1-COACT-000022,washer+dishwasher,context_before,4404537,2014-11-24 05:06:40,1416805600,223,0,106,8,0
REFIT-H1-COACT-000017,washer+dishwasher,context_after,4404538,2014-11-24 05:06:47,1416805607,870,0,151,60,0
REFIT-H1-COACT-000018,washer+dishwasher,context_before,4404538,2014-11-24 05:06:47,1416805607,870,0,151,60,0
REFIT-H1-COACT-000019,washer+dishwasher,context_before,4404538,2014-11-24 05:06:47,1416805607,870,0,151,60,0
REFIT-H1-COACT-000020,washer+dishwasher,context_before,4404538,2014-11-24 05:06:47,1416805607,870,0,151,60,0
REFIT-H1-COACT-000021,washer+dishwasher,context_before,4404538,2014-11-24 05:06:47,1416805607,870,0,151,60,0
REFIT-H1-COACT-000022,washer+dishwasher,context_before,4404538,2014-11-24 05:06:47,1416805607,870,0,151,60,0
REFIT-H1-COACT-000017,washer+dishwasher,context_after,4404539,2014-11-24 05:06:54,1416805614,274,0,151,66,1
REFIT-H1-COACT-000018,washer+dishwasher,context_before,4404539,2014-11-24 05:06:54,1416805614,274,0,151,66,1
REFIT-H1-COACT-000019,washer+dishwasher,context_before,4404539,2014-11-24 05:06:54,1416805614,274,0,151,66,1
REFIT-H1-COACT-000020,washer+dishwasher,context_before,4404539,2014-11-24 05:06:54,1416805614,274,0,151,66,1
REFIT-H1-COACT-000021,washer+dishwasher,context_before,4404539,2014-11-24 05:06:54,1416805614,274,0,151,66,1
REFIT-H1-COACT-000022,washer+dishwasher,context_before,4404539,2014-11-24 05:06:54,1416805614,274,0,151,66,1
REFIT-H1-COACT-000017,washer+dishwasher,context_after,4404540,2014-11-24 05:07:00,1416805620,901,0,159,70,0
REFIT-H1-COACT-000018,washer+dishwasher,context_before,4404540,2014-11-24 05:07:00,1416805620,901,0,159,70,0
REFIT-H1-COACT-000019,washer+dishwasher,context_before,4404540,2014-11-24 05:07:00,1416805620,901,0,159,70,0
REFIT-H1-COACT-000020,washer+dishwasher,context_before,4404540,2014-11-24 05:07:00,1416805620,901,0,159,70,0
REFIT-H1-COACT-000021,washer+dishwasher,context_before,4404540,2014-11-24 05:07:00,1416805620,901,0,159,70,0
REFIT-H1-COACT-000022,washer+dishwasher,context_before,4404540,2014-11-24 05:07:00,1416805620,901,0,159,70,0
REFIT-H1-COACT-000017,washer+dishwasher,context_after,4404541,2014-11-24 05:07:07,1416805627,689,0,140,70,0
REFIT-H1-COACT-000018,washer+dishwasher,context_before,4404541,2014-11-24 05:07:07,1416805627,689,0,140,70,0
REFIT-H1-COACT-000019,washer+dishwasher,context_before,4404541,2014-11-24 05:07:07,1416805627,689,0,140,70,0
REFIT-H1-COACT-000020,washer+dishwasher,context_before,4404541,2014-11-24 05:07:07,1416805627,689,0,140,70,0
REFIT-H1-COACT-000021,washer+dishwasher,context_before,4404541,2014-11-24 05:07:07,1416805627,689,0,140,70,0
REFIT-H1-COACT-000022,washer+dishwasher,context_before,4404541,2014-11-24 05:07:07,1416805627,689,0,140,70,0
REFIT-H1-COACT-000017,washer+dishwasher,context_after,4404542,2014-11-24 05:07:14,1416805634,669,0,4,77,0
REFIT-H1-COACT-000018,washer+dishwasher,context_before,4404542,2014-11-24 05:07:14,1416805634,669,0,4,77,0
REFIT-H1-COACT-000019,washer+dishwasher,context_before,4404542,2014-11-24 05:07:14,1416805634,669,0,4,77,0
REFIT-H1-COACT-000020,washer+dishwasher,context_before,4404542,2014-11-24 05:07:14,1416805634,669,0,4,77,0
REFIT-H1-COACT-000021,washer+dishwasher,context_before,4404542,2014-11-24 05:07:14,1416805634,669,0,4,77,0
REFIT-H1-COACT-000022,washer+dishwasher,context_before,4404542,2014-11-24 05:07:14,1416805634,669,0,4,77,0
REFIT-H1-COACT-000018,washer+dishwasher,context_before,4404543,2014-11-24 05:07:21,1416805641,888,0,136,81,0
REFIT-H1-COACT-000019,washer+dishwasher,context_before,4404543,2014-11-24 05:07:21,1416805641,888,0,136,81,0
REFIT-H1-COACT-000020,washer+dishwasher,context_before,4404543,2014-11-24 05:07:21,1416805641,888,0,136,81,0
REFIT-H1-COACT-000021,washer+dishwasher,context_before,4404543,2014-11-24 05:07:21,1416805641,888,0,136,81,0
REFIT-H1-COACT-000022,washer+dishwasher,context_before,4404543,2014-11-24 05:07:21,1416805641,888,0,136,81,0
REFIT-H1-COACT-000018,washer+dishwasher,context_before,4404544,2014-11-24 05:07:27,1416805647,2707,0,136,73,0
REFIT-H1-COACT-000019,washer+dishwasher,context_before,4404544,2014-11-24 05:07:27,1416805647,2707,0,136,73,0
REFIT-H1-COACT-000020,washer+dishwasher,context_before,4404544,2014-11-24 05:07:27,1416805647,2707,0,136,73,0
REFIT-H1-COACT-000021,washer+dishwasher,context_before,4404544,2014-11-24 05:07:27,1416805647,2707,0,136,73,0
REFIT-H1-COACT-000022,washer+dishwasher,context_before,4404544,2014-11-24 05:07:27,1416805647,2707,0,136,73,0
REFIT-H1-COACT-000018,washer+dishwasher,context_before,4404545,2014-11-24 05:07:34,1416805654,2459,0,67,2244,0
REFIT-H1-COACT-000019,washer+dishwasher,context_before,4404545,2014-11-24 05:07:34,1416805654,2459,0,67,2244,0
REFIT-H1-COACT-000020,washer+dishwasher,context_before,4404545,2014-11-24 05:07:34,1416805654,2459,0,67,2244,0
REFIT-H1-COACT-000021,washer+dishwasher,context_before,4404545,2014-11-24 05:07:34,1416805654,2459,0,67,2244,0
REFIT-H1-COACT-000022,washer+dishwasher,context_before,4404545,2014-11-24 05:07:34,1416805654,2459,0,67,2244,0
REFIT-H1-COACT-000018,washer+dishwasher,context_before,4404546,2014-11-24 05:07:41,1416805661,2601,0,67,2181,0
REFIT-H1-COACT-000019,washer+dishwasher,context_before,4404546,2014-11-24 05:07:41,1416805661,2601,0,67,2181,0
REFIT-H1-COACT-000020,washer+dishwasher,context_before,4404546,2014-11-24 05:07:41,1416805661,2601,0,67,2181,0
REFIT-H1-COACT-000021,washer+dishwasher,context_before,4404546,2014-11-24 05:07:41,1416805661,2601,0,67,2181,0
REFIT-H1-COACT-000022,washer+dishwasher,context_before,4404546,2014-11-24 05:07:41,1416805661,2601,0,67,2181,0
REFIT-H1-COACT-000018,washer+dishwasher,candidate_window,4404547,2014-11-24 05:07:48,1416805668,2653,0,142,2228,0
REFIT-H1-COACT-000019,washer+dishwasher,context_before,4404547,2014-11-24 05:07:48,1416805668,2653,0,142,2228,0
REFIT-H1-COACT-000020,washer+dishwasher,context_before,4404547,2014-11-24 05:07:48,1416805668,2653,0,142,2228,0
REFIT-H1-COACT-000021,washer+dishwasher,context_before,4404547,2014-11-24 05:07:48,1416805668,2653,0,142,2228,0
REFIT-H1-COACT-000022,washer+dishwasher,context_before,4404547,2014-11-24 05:07:48,1416805668,2653,0,142,2228,0
REFIT-H1-COACT-000018,washer+dishwasher,context_after,4404548,2014-11-24 05:07:54,1416805674,2484,0,4,2228,0
REFIT-H1-COACT-000019,washer+dishwasher,context_before,4404548,2014-11-24 05:07:54,1416805674,2484,0,4,2228,0
REFIT-H1-COACT-000020,washer+dishwasher,context_before,4404548,2014-11-24 05:07:54,1416805674,2484,0,4,2228,0
REFIT-H1-COACT-000021,washer+dishwasher,context_before,4404548,2014-11-24 05:07:54,1416805674,2484,0,4,2228,0
REFIT-H1-COACT-000022,washer+dishwasher,context_before,4404548,2014-11-24 05:07:54,1416805674,2484,0,4,2228,0
REFIT-H1-COACT-000018,washer+dishwasher,context_after,4404549,2014-11-24 05:08:01,1416805681,2683,0,121,2228,0
REFIT-H1-COACT-000019,washer+dishwasher,candidate_window,4404549,2014-11-24 05:08:01,1416805681,2683,0,121,2228,0
REFIT-H1-COACT-000020,washer+dishwasher,context_before,4404549,2014-11-24 05:08:01,1416805681,2683,0,121,2228,0
REFIT-H1-COACT-000021,washer+dishwasher,context_before,4404549,2014-11-24 05:08:01,1416805681,2683,0,121,2228,0
REFIT-H1-COACT-000022,washer+dishwasher,context_before,4404549,2014-11-24 05:08:01,1416805681,2683,0,121,2228,0
REFIT-H1-COACT-000018,washer+dishwasher,context_after,4404550,2014-11-24 05:08:08,1416805688,2718,0,93,2232,0
REFIT-H1-COACT-000019,washer+dishwasher,context_after,4404550,2014-11-24 05:08:08,1416805688,2718,0,93,2232,0
REFIT-H1-COACT-000020,washer+dishwasher,context_before,4404550,2014-11-24 05:08:08,1416805688,2718,0,93,2232,0
REFIT-H1-COACT-000021,washer+dishwasher,context_before,4404550,2014-11-24 05:08:08,1416805688,2718,0,93,2232,0
REFIT-H1-COACT-000022,washer+dishwasher,context_before,4404550,2014-11-24 05:08:08,1416805688,2718,0,93,2232,0
REFIT-H1-COACT-000018,washer+dishwasher,context_after,4404551,2014-11-24 05:08:15,1416805695,2718,0,3,2236,0
REFIT-H1-COACT-000019,washer+dishwasher,context_after,4404551,2014-11-24 05:08:15,1416805695,2718,0,3,2236,0
REFIT-H1-COACT-000020,washer+dishwasher,context_before,4404551,2014-11-24 05:08:15,1416805695,2718,0,3,2236,0
REFIT-H1-COACT-000021,washer+dishwasher,context_before,4404551,2014-11-24 05:08:15,1416805695,2718,0,3,2236,0
REFIT-H1-COACT-000022,washer+dishwasher,context_before,4404551,2014-11-24 05:08:15,1416805695,2718,0,3,2236,0
REFIT-H1-COACT-000023,washer+dishwasher,context_before,4404551,2014-11-24 05:08:15,1416805695,2718,0,3,2236,0
REFIT-H1-COACT-000018,washer+dishwasher,context_after,4404552,2014-11-24 05:08:21,1416805701,2718,0,141,2193,0
REFIT-H1-COACT-000019,washer+dishwasher,context_after,4404552,2014-11-24 05:08:21,1416805701,2718,0,141,2193,0
REFIT-H1-COACT-000020,washer+dishwasher,candidate_window,4404552,2014-11-24 05:08:21,1416805701,2718,0,141,2193,0
REFIT-H1-COACT-000021,washer+dishwasher,context_before,4404552,2014-11-24 05:08:21,1416805701,2718,0,141,2193,0
REFIT-H1-COACT-000022,washer+dishwasher,context_before,4404552,2014-11-24 05:08:21,1416805701,2718,0,141,2193,0
REFIT-H1-COACT-000023,washer+dishwasher,context_before,4404552,2014-11-24 05:08:21,1416805701,2718,0,141,2193,0
REFIT-H1-COACT-000018,washer+dishwasher,context_after,4404553,2014-11-24 05:08:28,1416805708,2718,0,2228,2148,1
REFIT-H1-COACT-000019,washer+dishwasher,context_after,4404553,2014-11-24 05:08:28,1416805708,2718,0,2228,2148,1
REFIT-H1-COACT-000020,washer+dishwasher,context_after,4404553,2014-11-24 05:08:28,1416805708,2718,0,2228,2148,1
REFIT-H1-COACT-000021,washer+dishwasher,context_before,4404553,2014-11-24 05:08:28,1416805708,2718,0,2228,2148,1
REFIT-H1-COACT-000022,washer+dishwasher,context_before,4404553,2014-11-24 05:08:28,1416805708,2718,0,2228,2148,1
REFIT-H1-COACT-000023,washer+dishwasher,context_before,4404553,2014-11-24 05:08:28,1416805708,2718,0,2228,2148,1
REFIT-H1-COACT-000018,washer+dishwasher,context_after,4404554,2014-11-24 05:08:35,1416805715,4954,0,2101,2148,0
REFIT-H1-COACT-000019,washer+dishwasher,context_after,4404554,2014-11-24 05:08:35,1416805715,4954,0,2101,2148,0
REFIT-H1-COACT-000020,washer+dishwasher,context_after,4404554,2014-11-24 05:08:35,1416805715,4954,0,2101,2148,0
REFIT-H1-COACT-000021,washer+dishwasher,candidate_window,4404554,2014-11-24 05:08:35,1416805715,4954,0,2101,2148,0
REFIT-H1-COACT-000022,washer+dishwasher,context_before,4404554,2014-11-24 05:08:35,1416805715,4954,0,2101,2148,0
REFIT-H1-COACT-000023,washer+dishwasher,context_before,4404554,2014-11-24 05:08:35,1416805715,4954,0,2101,2148,0
REFIT-H1-COACT-000018,washer+dishwasher,context_after,4404555,2014-11-24 05:08:41,1416805721,4954,0,3,2148,0
REFIT-H1-COACT-000019,washer+dishwasher,context_after,4404555,2014-11-24 05:08:41,1416805721,4954,0,3,2148,0
REFIT-H1-COACT-000020,washer+dishwasher,context_after,4404555,2014-11-24 05:08:41,1416805721,4954,0,3,2148,0
REFIT-H1-COACT-000021,washer+dishwasher,context_after,4404555,2014-11-24 05:08:41,1416805721,4954,0,3,2148,0
REFIT-H1-COACT-000022,washer+dishwasher,context_before,4404555,2014-11-24 05:08:41,1416805721,4954,0,3,2148,0
REFIT-H1-COACT-000023,washer+dishwasher,context_before,4404555,2014-11-24 05:08:41,1416805721,4954,0,3,2148,0
REFIT-H1-COACT-000018,washer+dishwasher,context_after,4404556,2014-11-24 05:08:42,1416805722,2484,0,3,2216,0
REFIT-H1-COACT-000019,washer+dishwasher,context_after,4404556,2014-11-24 05:08:42,1416805722,2484,0,3,2216,0
REFIT-H1-COACT-000020,washer+dishwasher,context_after,4404556,2014-11-24 05:08:42,1416805722,2484,0,3,2216,0
REFIT-H1-COACT-000021,washer+dishwasher,context_after,4404556,2014-11-24 05:08:42,1416805722,2484,0,3,2216,0
REFIT-H1-COACT-000022,washer+dishwasher,context_before,4404556,2014-11-24 05:08:42,1416805722,2484,0,3,2216,0
REFIT-H1-COACT-000023,washer+dishwasher,context_before,4404556,2014-11-24 05:08:42,1416805722,2484,0,3,2216,0
REFIT-H1-COACT-000024,washer+dishwasher,context_before,4404556,2014-11-24 05:08:42,1416805722,2484,0,3,2216,0
REFIT-H1-COACT-000018,washer+dishwasher,context_after,4404557,2014-11-24 05:08:48,1416805728,3131,0,278,2212,0
REFIT-H1-COACT-000019,washer+dishwasher,context_after,4404557,2014-11-24 05:08:48,1416805728,3131,0,278,2212,0
REFIT-H1-COACT-000020,washer+dishwasher,context_after,4404557,2014-11-24 05:08:48,1416805728,3131,0,278,2212,0
REFIT-H1-COACT-000021,washer+dishwasher,context_after,4404557,2014-11-24 05:08:48,1416805728,3131,0,278,2212,0
REFIT-H1-COACT-000022,washer+dishwasher,candidate_window,4404557,2014-11-24 05:08:48,1416805728,3131,0,278,2212,0
REFIT-H1-COACT-000023,washer+dishwasher,context_before,4404557,2014-11-24 05:08:48,1416805728,3131,0,278,2212,0
REFIT-H1-COACT-000024,washer+dishwasher,context_before,4404557,2014-11-24 05:08:48,1416805728,3131,0,278,2212,0
REFIT-H1-COACT-000018,washer+dishwasher,context_after,4404558,2014-11-24 05:08:55,1416805735,2577,0,77,2197,0
REFIT-H1-COACT-000019,washer+dishwasher,context_after,4404558,2014-11-24 05:08:55,1416805735,2577,0,77,2197,0
REFIT-H1-COACT-000020,washer+dishwasher,context_after,4404558,2014-11-24 05:08:55,1416805735,2577,0,77,2197,0
REFIT-H1-COACT-000021,washer+dishwasher,context_after,4404558,2014-11-24 05:08:55,1416805735,2577,0,77,2197,0
REFIT-H1-COACT-000022,washer+dishwasher,context_after,4404558,2014-11-24 05:08:55,1416805735,2577,0,77,2197,0
REFIT-H1-COACT-000023,washer+dishwasher,context_before,4404558,2014-11-24 05:08:55,1416805735,2577,0,77,2197,0
REFIT-H1-COACT-000024,washer+dishwasher,context_before,4404558,2014-11-24 05:08:55,1416805735,2577,0,77,2197,0
REFIT-H1-COACT-000018,washer+dishwasher,context_after,4404559,2014-11-24 05:09:02,1416805742,2517,0,61,2193,0
REFIT-H1-COACT-000019,washer+dishwasher,context_after,4404559,2014-11-24 05:09:02,1416805742,2517,0,61,2193,0
REFIT-H1-COACT-000020,washer+dishwasher,context_after,4404559,2014-11-24 05:09:02,1416805742,2517,0,61,2193,0
REFIT-H1-COACT-000021,washer+dishwasher,context_after,4404559,2014-11-24 05:09:02,1416805742,2517,0,61,2193,0
REFIT-H1-COACT-000022,washer+dishwasher,context_after,4404559,2014-11-24 05:09:02,1416805742,2517,0,61,2193,0
REFIT-H1-COACT-000023,washer+dishwasher,context_before,4404559,2014-11-24 05:09:02,1416805742,2517,0,61,2193,0
REFIT-H1-COACT-000024,washer+dishwasher,context_before,4404559,2014-11-24 05:09:02,1416805742,2517,0,61,2193,0
REFIT-H1-COACT-000018,washer+dishwasher,context_after,4404560,2014-11-24 05:09:09,1416805749,2569,0,66,2216,0
REFIT-H1-COACT-000019,washer+dishwasher,context_after,4404560,2014-11-24 05:09:09,1416805749,2569,0,66,2216,0
REFIT-H1-COACT-000020,washer+dishwasher,context_after,4404560,2014-11-24 05:09:09,1416805749,2569,0,66,2216,0
REFIT-H1-COACT-000021,washer+dishwasher,context_after,4404560,2014-11-24 05:09:09,1416805749,2569,0,66,2216,0
REFIT-H1-COACT-000022,washer+dishwasher,context_after,4404560,2014-11-24 05:09:09,1416805749,2569,0,66,2216,0
REFIT-H1-COACT-000023,washer+dishwasher,context_before,4404560,2014-11-24 05:09:09,1416805749,2569,0,66,2216,0
REFIT-H1-COACT-000024,washer+dishwasher,context_before,4404560,2014-11-24 05:09:09,1416805749,2569,0,66,2216,0
REFIT-H1-COACT-000018,washer+dishwasher,context_after,4404561,2014-11-24 05:09:16,1416805756,2551,0,61,2224,0
REFIT-H1-COACT-000019,washer+dishwasher,context_after,4404561,2014-11-24 05:09:16,1416805756,2551,0,61,2224,0
REFIT-H1-COACT-000020,washer+dishwasher,context_after,4404561,2014-11-24 05:09:16,1416805756,2551,0,61,2224,0
REFIT-H1-COACT-000021,washer+dishwasher,context_after,4404561,2014-11-24 05:09:16,1416805756,2551,0,61,2224,0
REFIT-H1-COACT-000022,washer+dishwasher,context_after,4404561,2014-11-24 05:09:16,1416805756,2551,0,61,2224,0
REFIT-H1-COACT-000023,washer+dishwasher,context_before,4404561,2014-11-24 05:09:16,1416805756,2551,0,61,2224,0
REFIT-H1-COACT-000024,washer+dishwasher,context_before,4404561,2014-11-24 05:09:16,1416805756,2551,0,61,2224,0
REFIT-H1-COACT-000018,washer+dishwasher,context_after,4404562,2014-11-24 05:09:22,1416805762,2469,0,25,2224,0
REFIT-H1-COACT-000019,washer+dishwasher,context_after,4404562,2014-11-24 05:09:22,1416805762,2469,0,25,2224,0
REFIT-H1-COACT-000020,washer+dishwasher,context_after,4404562,2014-11-24 05:09:22,1416805762,2469,0,25,2224,0
REFIT-H1-COACT-000021,washer+dishwasher,context_after,4404562,2014-11-24 05:09:22,1416805762,2469,0,25,2224,0
REFIT-H1-COACT-000022,washer+dishwasher,context_after,4404562,2014-11-24 05:09:22,1416805762,2469,0,25,2224,0
REFIT-H1-COACT-000023,washer+dishwasher,context_before,4404562,2014-11-24 05:09:22,1416805762,2469,0,25,2224,0
REFIT-H1-COACT-000024,washer+dishwasher,context_before,4404562,2014-11-24 05:09:22,1416805762,2469,0,25,2224,0
REFIT-H1-COACT-000018,washer+dishwasher,context_after,4404563,2014-11-24 05:09:29,1416805769,2469,0,32,30,0
REFIT-H1-COACT-000019,washer+dishwasher,context_after,4404563,2014-11-24 05:09:29,1416805769,2469,0,32,30,0
REFIT-H1-COACT-000020,washer+dishwasher,context_after,4404563,2014-11-24 05:09:29,1416805769,2469,0,32,30,0
REFIT-H1-COACT-000021,washer+dishwasher,context_after,4404563,2014-11-24 05:09:29,1416805769,2469,0,32,30,0
REFIT-H1-COACT-000022,washer+dishwasher,context_after,4404563,2014-11-24 05:09:29,1416805769,2469,0,32,30,0
REFIT-H1-COACT-000023,washer+dishwasher,context_before,4404563,2014-11-24 05:09:29,1416805769,2469,0,32,30,0
REFIT-H1-COACT-000024,washer+dishwasher,context_before,4404563,2014-11-24 05:09:29,1416805769,2469,0,32,30,0
REFIT-H1-COACT-000018,washer+dishwasher,context_after,4404564,2014-11-24 05:09:36,1416805776,559,0,251,9,0
REFIT-H1-COACT-000019,washer+dishwasher,context_after,4404564,2014-11-24 05:09:36,1416805776,559,0,251,9,0
REFIT-H1-COACT-000020,washer+dishwasher,context_after,4404564,2014-11-24 05:09:36,1416805776,559,0,251,9,0
REFIT-H1-COACT-000021,washer+dishwasher,context_after,4404564,2014-11-24 05:09:36,1416805776,559,0,251,9,0
REFIT-H1-COACT-000022,washer+dishwasher,context_after,4404564,2014-11-24 05:09:36,1416805776,559,0,251,9,0
REFIT-H1-COACT-000023,washer+dishwasher,context_before,4404564,2014-11-24 05:09:36,1416805776,559,0,251,9,0
REFIT-H1-COACT-000024,washer+dishwasher,context_before,4404564,2014-11-24 05:09:36,1416805776,559,0,251,9,0
REFIT-H1-COACT-000018,washer+dishwasher,context_after,4404565,2014-11-24 05:09:43,1416805783,299,0,31,29,0
REFIT-H1-COACT-000019,washer+dishwasher,context_after,4404565,2014-11-24 05:09:43,1416805783,299,0,31,29,0
REFIT-H1-COACT-000020,washer+dishwasher,context_after,4404565,2014-11-24 05:09:43,1416805783,299,0,31,29,0
REFIT-H1-COACT-000021,washer+dishwasher,context_after,4404565,2014-11-24 05:09:43,1416805783,299,0,31,29,0
REFIT-H1-COACT-000022,washer+dishwasher,context_after,4404565,2014-11-24 05:09:43,1416805783,299,0,31,29,0
REFIT-H1-COACT-000023,washer+dishwasher,context_before,4404565,2014-11-24 05:09:43,1416805783,299,0,31,29,0
REFIT-H1-COACT-000024,washer+dishwasher,context_before,4404565,2014-11-24 05:09:43,1416805783,299,0,31,29,0
REFIT-H1-COACT-000018,washer+dishwasher,context_after,4404566,2014-11-24 05:09:49,1416805789,299,0,31,29,0
REFIT-H1-COACT-000019,washer+dishwasher,context_after,4404566,2014-11-24 05:09:49,1416805789,299,0,31,29,0
REFIT-H1-COACT-000020,washer+dishwasher,context_after,4404566,2014-11-24 05:09:49,1416805789,299,0,31,29,0
REFIT-H1-COACT-000021,washer+dishwasher,context_after,4404566,2014-11-24 05:09:49,1416805789,299,0,31,29,0
REFIT-H1-COACT-000022,washer+dishwasher,context_after,4404566,2014-11-24 05:09:49,1416805789,299,0,31,29,0
REFIT-H1-COACT-000023,washer+dishwasher,context_before,4404566,2014-11-24 05:09:49,1416805789,299,0,31,29,0
REFIT-H1-COACT-000024,washer+dishwasher,context_before,4404566,2014-11-24 05:09:49,1416805789,299,0,31,29,0
REFIT-H1-COACT-000018,washer+dishwasher,context_after,4404567,2014-11-24 05:09:50,1416805790,934,0,31,30,0
REFIT-H1-COACT-000019,washer+dishwasher,context_after,4404567,2014-11-24 05:09:50,1416805790,934,0,31,30,0
REFIT-H1-COACT-000020,washer+dishwasher,context_after,4404567,2014-11-24 05:09:50,1416805790,934,0,31,30,0
REFIT-H1-COACT-000021,washer+dishwasher,context_after,4404567,2014-11-24 05:09:50,1416805790,934,0,31,30,0
REFIT-H1-COACT-000022,washer+dishwasher,context_after,4404567,2014-11-24 05:09:50,1416805790,934,0,31,30,0
REFIT-H1-COACT-000023,washer+dishwasher,context_before,4404567,2014-11-24 05:09:50,1416805790,934,0,31,30,0
REFIT-H1-COACT-000024,washer+dishwasher,context_before,4404567,2014-11-24 05:09:50,1416805790,934,0,31,30,0
REFIT-H1-COACT-000018,washer+dishwasher,context_after,4404568,2014-11-24 05:09:56,1416805796,763,0,134,16,0
REFIT-H1-COACT-000019,washer+dishwasher,context_after,4404568,2014-11-24 05:09:56,1416805796,763,0,134,16,0
REFIT-H1-COACT-000020,washer+dishwasher,context_after,4404568,2014-11-24 05:09:56,1416805796,763,0,134,16,0
REFIT-H1-COACT-000021,washer+dishwasher,context_after,4404568,2014-11-24 05:09:56,1416805796,763,0,134,16,0
REFIT-H1-COACT-000022,washer+dishwasher,context_after,4404568,2014-11-24 05:09:56,1416805796,763,0,134,16,0
REFIT-H1-COACT-000023,washer+dishwasher,context_before,4404568,2014-11-24 05:09:56,1416805796,763,0,134,16,0
REFIT-H1-COACT-000024,washer+dishwasher,context_before,4404568,2014-11-24 05:09:56,1416805796,763,0,134,16,0
REFIT-H1-COACT-000018,washer+dishwasher,context_after,4404569,2014-11-24 05:10:03,1416805803,615,0,106,29,0
REFIT-H1-COACT-000019,washer+dishwasher,context_after,4404569,2014-11-24 05:10:03,1416805803,615,0,106,29,0
REFIT-H1-COACT-000020,washer+dishwasher,context_after,4404569,2014-11-24 05:10:03,1416805803,615,0,106,29,0
REFIT-H1-COACT-000021,washer+dishwasher,context_after,4404569,2014-11-24 05:10:03,1416805803,615,0,106,29,0
REFIT-H1-COACT-000022,washer+dishwasher,context_after,4404569,2014-11-24 05:10:03,1416805803,615,0,106,29,0
REFIT-H1-COACT-000023,washer+dishwasher,context_before,4404569,2014-11-24 05:10:03,1416805803,615,0,106,29,0
REFIT-H1-COACT-000024,washer+dishwasher,context_before,4404569,2014-11-24 05:10:03,1416805803,615,0,106,29,0
REFIT-H1-COACT-000018,washer+dishwasher,context_after,4404570,2014-11-24 05:10:10,1416805810,528,0,106,25,0
REFIT-H1-COACT-000019,washer+dishwasher,context_after,4404570,2014-11-24 05:10:10,1416805810,528,0,106,25,0
REFIT-H1-COACT-000020,washer+dishwasher,context_after,4404570,2014-11-24 05:10:10,1416805810,528,0,106,25,0
REFIT-H1-COACT-000021,washer+dishwasher,context_after,4404570,2014-11-24 05:10:10,1416805810,528,0,106,25,0
REFIT-H1-COACT-000022,washer+dishwasher,context_after,4404570,2014-11-24 05:10:10,1416805810,528,0,106,25,0
REFIT-H1-COACT-000023,washer+dishwasher,context_before,4404570,2014-11-24 05:10:10,1416805810,528,0,106,25,0
REFIT-H1-COACT-000024,washer+dishwasher,context_before,4404570,2014-11-24 05:10:10,1416805810,528,0,106,25,0
REFIT-H1-COACT-000018,washer+dishwasher,context_after,4404571,2014-11-24 05:10:16,1416805816,556,0,73,25,0
REFIT-H1-COACT-000019,washer+dishwasher,context_after,4404571,2014-11-24 05:10:16,1416805816,556,0,73,25,0
REFIT-H1-COACT-000020,washer+dishwasher,context_after,4404571,2014-11-24 05:10:16,1416805816,556,0,73,25,0
REFIT-H1-COACT-000021,washer+dishwasher,context_after,4404571,2014-11-24 05:10:16,1416805816,556,0,73,25,0
REFIT-H1-COACT-000022,washer+dishwasher,context_after,4404571,2014-11-24 05:10:16,1416805816,556,0,73,25,0
REFIT-H1-COACT-000023,washer+dishwasher,context_before,4404571,2014-11-24 05:10:16,1416805816,556,0,73,25,0
REFIT-H1-COACT-000024,washer+dishwasher,context_before,4404571,2014-11-24 05:10:16,1416805816,556,0,73,25,0
REFIT-H1-COACT-000018,washer+dishwasher,context_after,4404572,2014-11-24 05:10:23,1416805823,514,0,75,25,0
REFIT-H1-COACT-000019,washer+dishwasher,context_after,4404572,2014-11-24 05:10:23,1416805823,514,0,75,25,0
REFIT-H1-COACT-000020,washer+dishwasher,context_after,4404572,2014-11-24 05:10:23,1416805823,514,0,75,25,0
REFIT-H1-COACT-000021,washer+dishwasher,context_after,4404572,2014-11-24 05:10:23,1416805823,514,0,75,25,0
REFIT-H1-COACT-000022,washer+dishwasher,context_after,4404572,2014-11-24 05:10:23,1416805823,514,0,75,25,0
REFIT-H1-COACT-000023,washer+dishwasher,context_before,4404572,2014-11-24 05:10:23,1416805823,514,0,75,25,0
REFIT-H1-COACT-000024,washer+dishwasher,context_before,4404572,2014-11-24 05:10:23,1416805823,514,0,75,25,0
REFIT-H1-COACT-000018,washer+dishwasher,context_after,4404573,2014-11-24 05:10:30,1416805830,498,0,27,25,0
REFIT-H1-COACT-000019,washer+dishwasher,context_after,4404573,2014-11-24 05:10:30,1416805830,498,0,27,25,0
REFIT-H1-COACT-000020,washer+dishwasher,context_after,4404573,2014-11-24 05:10:30,1416805830,498,0,27,25,0
REFIT-H1-COACT-000021,washer+dishwasher,context_after,4404573,2014-11-24 05:10:30,1416805830,498,0,27,25,0
REFIT-H1-COACT-000022,washer+dishwasher,context_after,4404573,2014-11-24 05:10:30,1416805830,498,0,27,25,0
REFIT-H1-COACT-000023,washer+dishwasher,context_before,4404573,2014-11-24 05:10:30,1416805830,498,0,27,25,0
REFIT-H1-COACT-000024,washer+dishwasher,context_before,4404573,2014-11-24 05:10:30,1416805830,498,0,27,25,0
REFIT-H1-COACT-000018,washer+dishwasher,context_after,4404574,2014-11-24 05:10:36,1416805836,658,0,129,26,0
REFIT-H1-COACT-000019,washer+dishwasher,context_after,4404574,2014-11-24 05:10:36,1416805836,658,0,129,26,0
REFIT-H1-COACT-000020,washer+dishwasher,context_after,4404574,2014-11-24 05:10:36,1416805836,658,0,129,26,0
REFIT-H1-COACT-000021,washer+dishwasher,context_after,4404574,2014-11-24 05:10:36,1416805836,658,0,129,26,0
REFIT-H1-COACT-000022,washer+dishwasher,context_after,4404574,2014-11-24 05:10:36,1416805836,658,0,129,26,0
REFIT-H1-COACT-000023,washer+dishwasher,context_before,4404574,2014-11-24 05:10:36,1416805836,658,0,129,26,0
REFIT-H1-COACT-000024,washer+dishwasher,context_before,4404574,2014-11-24 05:10:36,1416805836,658,0,129,26,0
REFIT-H1-COACT-000025,washer+dishwasher,context_before,4404574,2014-11-24 05:10:36,1416805836,658,0,129,26,0
REFIT-H1-COACT-000018,washer+dishwasher,context_after,4404575,2014-11-24 05:10:43,1416805843,756,0,118,4,0
REFIT-H1-COACT-000019,washer+dishwasher,context_after,4404575,2014-11-24 05:10:43,1416805843,756,0,118,4,0
REFIT-H1-COACT-000020,washer+dishwasher,context_after,4404575,2014-11-24 05:10:43,1416805843,756,0,118,4,0
REFIT-H1-COACT-000021,washer+dishwasher,context_after,4404575,2014-11-24 05:10:43,1416805843,756,0,118,4,0
REFIT-H1-COACT-000022,washer+dishwasher,context_after,4404575,2014-11-24 05:10:43,1416805843,756,0,118,4,0
REFIT-H1-COACT-000023,washer+dishwasher,context_before,4404575,2014-11-24 05:10:43,1416805843,756,0,118,4,0
REFIT-H1-COACT-000024,washer+dishwasher,context_before,4404575,2014-11-24 05:10:43,1416805843,756,0,118,4,0
REFIT-H1-COACT-000025,washer+dishwasher,context_before,4404575,2014-11-24 05:10:43,1416805843,756,0,118,4,0
REFIT-H1-COACT-000018,washer+dishwasher,context_after,4404576,2014-11-24 05:10:50,1416805850,548,0,77,13,0
REFIT-H1-COACT-000019,washer+dishwasher,context_after,4404576,2014-11-24 05:10:50,1416805850,548,0,77,13,0
REFIT-H1-COACT-000020,washer+dishwasher,context_after,4404576,2014-11-24 05:10:50,1416805850,548,0,77,13,0
REFIT-H1-COACT-000021,washer+dishwasher,context_after,4404576,2014-11-24 05:10:50,1416805850,548,0,77,13,0
REFIT-H1-COACT-000022,washer+dishwasher,context_after,4404576,2014-11-24 05:10:50,1416805850,548,0,77,13,0
REFIT-H1-COACT-000023,washer+dishwasher,context_before,4404576,2014-11-24 05:10:50,1416805850,548,0,77,13,0
REFIT-H1-COACT-000024,washer+dishwasher,context_before,4404576,2014-11-24 05:10:50,1416805850,548,0,77,13,0
REFIT-H1-COACT-000025,washer+dishwasher,context_before,4404576,2014-11-24 05:10:50,1416805850,548,0,77,13,0
REFIT-H1-COACT-000018,washer+dishwasher,context_after,4404577,2014-11-24 05:10:57,1416805857,488,0,68,8,0
REFIT-H1-COACT-000019,washer+dishwasher,context_after,4404577,2014-11-24 05:10:57,1416805857,488,0,68,8,0
REFIT-H1-COACT-000020,washer+dishwasher,context_after,4404577,2014-11-24 05:10:57,1416805857,488,0,68,8,0
REFIT-H1-COACT-000021,washer+dishwasher,context_after,4404577,2014-11-24 05:10:57,1416805857,488,0,68,8,0
REFIT-H1-COACT-000022,washer+dishwasher,context_after,4404577,2014-11-24 05:10:57,1416805857,488,0,68,8,0
REFIT-H1-COACT-000023,washer+dishwasher,context_before,4404577,2014-11-24 05:10:57,1416805857,488,0,68,8,0
REFIT-H1-COACT-000024,washer+dishwasher,context_before,4404577,2014-11-24 05:10:57,1416805857,488,0,68,8,0
REFIT-H1-COACT-000025,washer+dishwasher,context_before,4404577,2014-11-24 05:10:57,1416805857,488,0,68,8,0
REFIT-H1-COACT-000026,washer+dishwasher,context_before,4404577,2014-11-24 05:10:57,1416805857,488,0,68,8,0
REFIT-H1-COACT-000019,washer+dishwasher,context_after,4404578,2014-11-24 05:11:03,1416805863,498,0,70,8,0
REFIT-H1-COACT-000020,washer+dishwasher,context_after,4404578,2014-11-24 05:11:03,1416805863,498,0,70,8,0
REFIT-H1-COACT-000021,washer+dishwasher,context_after,4404578,2014-11-24 05:11:03,1416805863,498,0,70,8,0
REFIT-H1-COACT-000022,washer+dishwasher,context_after,4404578,2014-11-24 05:11:03,1416805863,498,0,70,8,0
REFIT-H1-COACT-000023,washer+dishwasher,context_before,4404578,2014-11-24 05:11:03,1416805863,498,0,70,8,0
REFIT-H1-COACT-000024,washer+dishwasher,context_before,4404578,2014-11-24 05:11:03,1416805863,498,0,70,8,0
REFIT-H1-COACT-000025,washer+dishwasher,context_before,4404578,2014-11-24 05:11:03,1416805863,498,0,70,8,0
REFIT-H1-COACT-000026,washer+dishwasher,context_before,4404578,2014-11-24 05:11:03,1416805863,498,0,70,8,0
REFIT-H1-COACT-000019,washer+dishwasher,context_after,4404579,2014-11-24 05:11:10,1416805870,498,0,63,8,0
REFIT-H1-COACT-000020,washer+dishwasher,context_after,4404579,2014-11-24 05:11:10,1416805870,498,0,63,8,0
REFIT-H1-COACT-000021,washer+dishwasher,context_after,4404579,2014-11-24 05:11:10,1416805870,498,0,63,8,0
REFIT-H1-COACT-000022,washer+dishwasher,context_after,4404579,2014-11-24 05:11:10,1416805870,498,0,63,8,0
REFIT-H1-COACT-000023,washer+dishwasher,context_before,4404579,2014-11-24 05:11:10,1416805870,498,0,63,8,0
REFIT-H1-COACT-000024,washer+dishwasher,context_before,4404579,2014-11-24 05:11:10,1416805870,498,0,63,8,0
REFIT-H1-COACT-000025,washer+dishwasher,context_before,4404579,2014-11-24 05:11:10,1416805870,498,0,63,8,0
REFIT-H1-COACT-000026,washer+dishwasher,context_before,4404579,2014-11-24 05:11:10,1416805870,498,0,63,8,0
REFIT-H1-COACT-000020,washer+dishwasher,context_after,4404580,2014-11-24 05:11:17,1416805877,490,0,63,8,0
REFIT-H1-COACT-000021,washer+dishwasher,context_after,4404580,2014-11-24 05:11:17,1416805877,490,0,63,8,0
REFIT-H1-COACT-000022,washer+dishwasher,context_after,4404580,2014-11-24 05:11:17,1416805877,490,0,63,8,0
REFIT-H1-COACT-000023,washer+dishwasher,context_before,4404580,2014-11-24 05:11:17,1416805877,490,0,63,8,0
REFIT-H1-COACT-000024,washer+dishwasher,context_before,4404580,2014-11-24 05:11:17,1416805877,490,0,63,8,0
REFIT-H1-COACT-000025,washer+dishwasher,context_before,4404580,2014-11-24 05:11:17,1416805877,490,0,63,8,0
REFIT-H1-COACT-000026,washer+dishwasher,context_before,4404580,2014-11-24 05:11:17,1416805877,490,0,63,8,0
REFIT-H1-COACT-000027,washer+dishwasher,context_before,4404580,2014-11-24 05:11:17,1416805877,490,0,63,8,0
REFIT-H1-COACT-000020,washer+dishwasher,context_after,4404581,2014-11-24 05:11:24,1416805884,671,0,131,181,0
REFIT-H1-COACT-000021,washer+dishwasher,context_after,4404581,2014-11-24 05:11:24,1416805884,671,0,131,181,0
REFIT-H1-COACT-000022,washer+dishwasher,context_after,4404581,2014-11-24 05:11:24,1416805884,671,0,131,181,0
REFIT-H1-COACT-000023,washer+dishwasher,candidate_window,4404581,2014-11-24 05:11:24,1416805884,671,0,131,181,0
REFIT-H1-COACT-000024,washer+dishwasher,context_before,4404581,2014-11-24 05:11:24,1416805884,671,0,131,181,0
REFIT-H1-COACT-000025,washer+dishwasher,context_before,4404581,2014-11-24 05:11:24,1416805884,671,0,131,181,0
REFIT-H1-COACT-000026,washer+dishwasher,context_before,4404581,2014-11-24 05:11:24,1416805884,671,0,131,181,0
REFIT-H1-COACT-000027,washer+dishwasher,context_before,4404581,2014-11-24 05:11:24,1416805884,671,0,131,181,0
REFIT-H1-COACT-000020,washer+dishwasher,context_after,4404582,2014-11-24 05:11:30,1416805890,744,0,175,64,0
REFIT-H1-COACT-000021,washer+dishwasher,context_after,4404582,2014-11-24 05:11:30,1416805890,744,0,175,64,0
REFIT-H1-COACT-000022,washer+dishwasher,context_after,4404582,2014-11-24 05:11:30,1416805890,744,0,175,64,0
REFIT-H1-COACT-000023,washer+dishwasher,context_after,4404582,2014-11-24 05:11:30,1416805890,744,0,175,64,0
REFIT-H1-COACT-000024,washer+dishwasher,context_before,4404582,2014-11-24 05:11:30,1416805890,744,0,175,64,0
REFIT-H1-COACT-000025,washer+dishwasher,context_before,4404582,2014-11-24 05:11:30,1416805890,744,0,175,64,0
REFIT-H1-COACT-000026,washer+dishwasher,context_before,4404582,2014-11-24 05:11:30,1416805890,744,0,175,64,0
REFIT-H1-COACT-000027,washer+dishwasher,context_before,4404582,2014-11-24 05:11:30,1416805890,744,0,175,64,0
REFIT-H1-COACT-000021,washer+dishwasher,context_after,4404583,2014-11-24 05:11:37,1416805897,759,0,244,69,0
REFIT-H1-COACT-000022,washer+dishwasher,context_after,4404583,2014-11-24 05:11:37,1416805897,759,0,244,69,0
REFIT-H1-COACT-000023,washer+dishwasher,context_after,4404583,2014-11-24 05:11:37,1416805897,759,0,244,69,0
REFIT-H1-COACT-000024,washer+dishwasher,context_before,4404583,2014-11-24 05:11:37,1416805897,759,0,244,69,0
REFIT-H1-COACT-000025,washer+dishwasher,context_before,4404583,2014-11-24 05:11:37,1416805897,759,0,244,69,0
REFIT-H1-COACT-000026,washer+dishwasher,context_before,4404583,2014-11-24 05:11:37,1416805897,759,0,244,69,0
REFIT-H1-COACT-000027,washer+dishwasher,context_before,4404583,2014-11-24 05:11:37,1416805897,759,0,244,69,0
REFIT-H1-COACT-000028,washer+dishwasher,context_before,4404583,2014-11-24 05:11:37,1416805897,759,0,244,69,0
REFIT-H1-COACT-000021,washer+dishwasher,context_after,4404584,2014-11-24 05:11:44,1416805904,779,0,192,74,0
REFIT-H1-COACT-000022,washer+dishwasher,context_after,4404584,2014-11-24 05:11:44,1416805904,779,0,192,74,0
REFIT-H1-COACT-000023,washer+dishwasher,context_after,4404584,2014-11-24 05:11:44,1416805904,779,0,192,74,0
REFIT-H1-COACT-000024,washer+dishwasher,context_before,4404584,2014-11-24 05:11:44,1416805904,779,0,192,74,0
REFIT-H1-COACT-000025,washer+dishwasher,context_before,4404584,2014-11-24 05:11:44,1416805904,779,0,192,74,0
REFIT-H1-COACT-000026,washer+dishwasher,context_before,4404584,2014-11-24 05:11:44,1416805904,779,0,192,74,0
REFIT-H1-COACT-000027,washer+dishwasher,context_before,4404584,2014-11-24 05:11:44,1416805904,779,0,192,74,0
REFIT-H1-COACT-000028,washer+dishwasher,context_before,4404584,2014-11-24 05:11:44,1416805904,779,0,192,74,0
REFIT-H1-COACT-000022,washer+dishwasher,context_after,4404585,2014-11-24 05:11:50,1416805910,686,0,203,74,0
REFIT-H1-COACT-000023,washer+dishwasher,context_after,4404585,2014-11-24 05:11:50,1416805910,686,0,203,74,0
REFIT-H1-COACT-000024,washer+dishwasher,context_before,4404585,2014-11-24 05:11:50,1416805910,686,0,203,74,0
REFIT-H1-COACT-000025,washer+dishwasher,context_before,4404585,2014-11-24 05:11:50,1416805910,686,0,203,74,0
REFIT-H1-COACT-000026,washer+dishwasher,context_before,4404585,2014-11-24 05:11:50,1416805910,686,0,203,74,0
REFIT-H1-COACT-000027,washer+dishwasher,context_before,4404585,2014-11-24 05:11:50,1416805910,686,0,203,74,0
REFIT-H1-COACT-000028,washer+dishwasher,context_before,4404585,2014-11-24 05:11:50,1416805910,686,0,203,74,0
REFIT-H1-COACT-000022,washer+dishwasher,context_after,4404586,2014-11-24 05:11:57,1416805917,2647,0,215,2212,0
REFIT-H1-COACT-000023,washer+dishwasher,context_after,4404586,2014-11-24 05:11:57,1416805917,2647,0,215,2212,0
REFIT-H1-COACT-000024,washer+dishwasher,candidate_window,4404586,2014-11-24 05:11:57,1416805917,2647,0,215,2212,0
REFIT-H1-COACT-000025,washer+dishwasher,context_before,4404586,2014-11-24 05:11:57,1416805917,2647,0,215,2212,0
REFIT-H1-COACT-000026,washer+dishwasher,context_before,4404586,2014-11-24 05:11:57,1416805917,2647,0,215,2212,0
REFIT-H1-COACT-000027,washer+dishwasher,context_before,4404586,2014-11-24 05:11:57,1416805917,2647,0,215,2212,0
REFIT-H1-COACT-000028,washer+dishwasher,context_before,4404586,2014-11-24 05:11:57,1416805917,2647,0,215,2212,0
REFIT-H1-COACT-000022,washer+dishwasher,context_after,4404587,2014-11-24 05:12:04,1416805924,2628,0,192,2224,0
REFIT-H1-COACT-000023,washer+dishwasher,context_after,4404587,2014-11-24 05:12:04,1416805924,2628,0,192,2224,0
REFIT-H1-COACT-000024,washer+dishwasher,candidate_window,4404587,2014-11-24 05:12:04,1416805924,2628,0,192,2224,0
REFIT-H1-COACT-000025,washer+dishwasher,context_before,4404587,2014-11-24 05:12:04,1416805924,2628,0,192,2224,0
REFIT-H1-COACT-000026,washer+dishwasher,context_before,4404587,2014-11-24 05:12:04,1416805924,2628,0,192,2224,0
REFIT-H1-COACT-000027,washer+dishwasher,context_before,4404587,2014-11-24 05:12:04,1416805924,2628,0,192,2224,0
REFIT-H1-COACT-000028,washer+dishwasher,context_before,4404587,2014-11-24 05:12:04,1416805924,2628,0,192,2224,0
REFIT-H1-COACT-000023,washer+dishwasher,context_after,4404588,2014-11-24 05:12:11,1416805931,2461,0,30,2181,0
REFIT-H1-COACT-000024,washer+dishwasher,context_after,4404588,2014-11-24 05:12:11,1416805931,2461,0,30,2181,0
REFIT-H1-COACT-000025,washer+dishwasher,context_before,4404588,2014-11-24 05:12:11,1416805931,2461,0,30,2181,0
REFIT-H1-COACT-000026,washer+dishwasher,context_before,4404588,2014-11-24 05:12:11,1416805931,2461,0,30,2181,0
REFIT-H1-COACT-000027,washer+dishwasher,context_before,4404588,2014-11-24 05:12:11,1416805931,2461,0,30,2181,0
REFIT-H1-COACT-000028,washer+dishwasher,context_before,4404588,2014-11-24 05:12:11,1416805931,2461,0,30,2181,0
REFIT-H1-COACT-000023,washer+dishwasher,context_after,4404589,2014-11-24 05:12:17,1416805937,2465,0,26,2216,0
REFIT-H1-COACT-000024,washer+dishwasher,context_after,4404589,2014-11-24 05:12:17,1416805937,2465,0,26,2216,0
REFIT-H1-COACT-000025,washer+dishwasher,context_before,4404589,2014-11-24 05:12:17,1416805937,2465,0,26,2216,0
REFIT-H1-COACT-000026,washer+dishwasher,context_before,4404589,2014-11-24 05:12:17,1416805937,2465,0,26,2216,0
REFIT-H1-COACT-000027,washer+dishwasher,context_before,4404589,2014-11-24 05:12:17,1416805937,2465,0,26,2216,0
REFIT-H1-COACT-000028,washer+dishwasher,context_before,4404589,2014-11-24 05:12:17,1416805937,2465,0,26,2216,0
REFIT-H1-COACT-000023,washer+dishwasher,context_after,4404590,2014-11-24 05:12:24,1416805944,2487,0,9,2232,0
REFIT-H1-COACT-000024,washer+dishwasher,context_after,4404590,2014-11-24 05:12:24,1416805944,2487,0,9,2232,0
REFIT-H1-COACT-000025,washer+dishwasher,context_before,4404590,2014-11-24 05:12:24,1416805944,2487,0,9,2232,0
REFIT-H1-COACT-000026,washer+dishwasher,context_before,4404590,2014-11-24 05:12:24,1416805944,2487,0,9,2232,0
REFIT-H1-COACT-000027,washer+dishwasher,context_before,4404590,2014-11-24 05:12:24,1416805944,2487,0,9,2232,0
REFIT-H1-COACT-000028,washer+dishwasher,context_before,4404590,2014-11-24 05:12:24,1416805944,2487,0,9,2232,0
REFIT-H1-COACT-000023,washer+dishwasher,context_after,4404591,2014-11-24 05:12:31,1416805951,2449,0,9,2201,0
REFIT-H1-COACT-000024,washer+dishwasher,context_after,4404591,2014-11-24 05:12:31,1416805951,2449,0,9,2201,0
REFIT-H1-COACT-000025,washer+dishwasher,context_before,4404591,2014-11-24 05:12:31,1416805951,2449,0,9,2201,0
REFIT-H1-COACT-000026,washer+dishwasher,context_before,4404591,2014-11-24 05:12:31,1416805951,2449,0,9,2201,0
REFIT-H1-COACT-000027,washer+dishwasher,context_before,4404591,2014-11-24 05:12:31,1416805951,2449,0,9,2201,0
REFIT-H1-COACT-000028,washer+dishwasher,context_before,4404591,2014-11-24 05:12:31,1416805951,2449,0,9,2201,0
REFIT-H1-COACT-000023,washer+dishwasher,context_after,4404592,2014-11-24 05:12:38,1416805958,2457,0,9,2216,0
REFIT-H1-COACT-000024,washer+dishwasher,context_after,4404592,2014-11-24 05:12:38,1416805958,2457,0,9,2216,0
REFIT-H1-COACT-000025,washer+dishwasher,context_before,4404592,2014-11-24 05:12:38,1416805958,2457,0,9,2216,0
REFIT-H1-COACT-000026,washer+dishwasher,context_before,4404592,2014-11-24 05:12:38,1416805958,2457,0,9,2216,0
REFIT-H1-COACT-000027,washer+dishwasher,context_before,4404592,2014-11-24 05:12:38,1416805958,2457,0,9,2216,0
REFIT-H1-COACT-000028,washer+dishwasher,context_before,4404592,2014-11-24 05:12:38,1416805958,2457,0,9,2216,0
REFIT-H1-COACT-000023,washer+dishwasher,context_after,4404593,2014-11-24 05:12:44,1416805964,2457,0,9,2216,0
REFIT-H1-COACT-000024,washer+dishwasher,context_after,4404593,2014-11-24 05:12:44,1416805964,2457,0,9,2216,0
REFIT-H1-COACT-000025,washer+dishwasher,context_before,4404593,2014-11-24 05:12:44,1416805964,2457,0,9,2216,0
REFIT-H1-COACT-000026,washer+dishwasher,context_before,4404593,2014-11-24 05:12:44,1416805964,2457,0,9,2216,0
REFIT-H1-COACT-000027,washer+dishwasher,context_before,4404593,2014-11-24 05:12:44,1416805964,2457,0,9,2216,0
REFIT-H1-COACT-000028,washer+dishwasher,context_before,4404593,2014-11-24 05:12:44,1416805964,2457,0,9,2216,0
REFIT-H1-COACT-000023,washer+dishwasher,context_after,4404594,2014-11-24 05:12:51,1416805971,2467,0,9,2232,0
REFIT-H1-COACT-000024,washer+dishwasher,context_after,4404594,2014-11-24 05:12:51,1416805971,2467,0,9,2232,0
REFIT-H1-COACT-000025,washer+dishwasher,context_before,4404594,2014-11-24 05:12:51,1416805971,2467,0,9,2232,0
REFIT-H1-COACT-000026,washer+dishwasher,context_before,4404594,2014-11-24 05:12:51,1416805971,2467,0,9,2232,0
REFIT-H1-COACT-000027,washer+dishwasher,context_before,4404594,2014-11-24 05:12:51,1416805971,2467,0,9,2232,0
REFIT-H1-COACT-000028,washer+dishwasher,context_before,4404594,2014-11-24 05:12:51,1416805971,2467,0,9,2232,0
REFIT-H1-COACT-000023,washer+dishwasher,context_after,4404595,2014-11-24 05:12:58,1416805978,2480,0,9,2240,0
REFIT-H1-COACT-000024,washer+dishwasher,context_after,4404595,2014-11-24 05:12:58,1416805978,2480,0,9,2240,0
REFIT-H1-COACT-000025,washer+dishwasher,context_before,4404595,2014-11-24 05:12:58,1416805978,2480,0,9,2240,0
REFIT-H1-COACT-000026,washer+dishwasher,context_before,4404595,2014-11-24 05:12:58,1416805978,2480,0,9,2240,0
REFIT-H1-COACT-000027,washer+dishwasher,context_before,4404595,2014-11-24 05:12:58,1416805978,2480,0,9,2240,0
REFIT-H1-COACT-000028,washer+dishwasher,context_before,4404595,2014-11-24 05:12:58,1416805978,2480,0,9,2240,0
REFIT-H1-COACT-000023,washer+dishwasher,context_after,4404596,2014-11-24 05:13:05,1416805985,2473,0,9,2212,0
REFIT-H1-COACT-000024,washer+dishwasher,context_after,4404596,2014-11-24 05:13:05,1416805985,2473,0,9,2212,0
REFIT-H1-COACT-000025,washer+dishwasher,context_before,4404596,2014-11-24 05:13:05,1416805985,2473,0,9,2212,0
REFIT-H1-COACT-000026,washer+dishwasher,context_before,4404596,2014-11-24 05:13:05,1416805985,2473,0,9,2212,0
REFIT-H1-COACT-000027,washer+dishwasher,context_before,4404596,2014-11-24 05:13:05,1416805985,2473,0,9,2212,0
REFIT-H1-COACT-000028,washer+dishwasher,context_before,4404596,2014-11-24 05:13:05,1416805985,2473,0,9,2212,0
REFIT-H1-COACT-000023,washer+dishwasher,context_after,4404597,2014-11-24 05:13:11,1416805991,2468,0,9,2220,0
REFIT-H1-COACT-000024,washer+dishwasher,context_after,4404597,2014-11-24 05:13:11,1416805991,2468,0,9,2220,0
REFIT-H1-COACT-000025,washer+dishwasher,context_before,4404597,2014-11-24 05:13:11,1416805991,2468,0,9,2220,0
REFIT-H1-COACT-000026,washer+dishwasher,context_before,4404597,2014-11-24 05:13:11,1416805991,2468,0,9,2220,0
REFIT-H1-COACT-000027,washer+dishwasher,context_before,4404597,2014-11-24 05:13:11,1416805991,2468,0,9,2220,0
REFIT-H1-COACT-000028,washer+dishwasher,context_before,4404597,2014-11-24 05:13:11,1416805991,2468,0,9,2220,0
REFIT-H1-COACT-000023,washer+dishwasher,context_after,4404598,2014-11-24 05:13:18,1416805998,2465,0,9,2224,0
REFIT-H1-COACT-000024,washer+dishwasher,context_after,4404598,2014-11-24 05:13:18,1416805998,2465,0,9,2224,0
REFIT-H1-COACT-000025,washer+dishwasher,context_before,4404598,2014-11-24 05:13:18,1416805998,2465,0,9,2224,0
REFIT-H1-COACT-000026,washer+dishwasher,context_before,4404598,2014-11-24 05:13:18,1416805998,2465,0,9,2224,0
REFIT-H1-COACT-000027,washer+dishwasher,context_before,4404598,2014-11-24 05:13:18,1416805998,2465,0,9,2224,0
REFIT-H1-COACT-000028,washer+dishwasher,context_before,4404598,2014-11-24 05:13:18,1416805998,2465,0,9,2224,0
REFIT-H1-COACT-000023,washer+dishwasher,context_after,4404599,2014-11-24 05:13:25,1416806005,2461,0,9,2220,0
REFIT-H1-COACT-000024,washer+dishwasher,context_after,4404599,2014-11-24 05:13:25,1416806005,2461,0,9,2220,0
REFIT-H1-COACT-000025,washer+dishwasher,context_before,4404599,2014-11-24 05:13:25,1416806005,2461,0,9,2220,0
REFIT-H1-COACT-000026,washer+dishwasher,context_before,4404599,2014-11-24 05:13:25,1416806005,2461,0,9,2220,0
REFIT-H1-COACT-000027,washer+dishwasher,context_before,4404599,2014-11-24 05:13:25,1416806005,2461,0,9,2220,0
REFIT-H1-COACT-000028,washer+dishwasher,context_before,4404599,2014-11-24 05:13:25,1416806005,2461,0,9,2220,0
REFIT-H1-COACT-000023,washer+dishwasher,context_after,4404600,2014-11-24 05:13:32,1416806012,2468,0,9,2260,0
REFIT-H1-COACT-000024,washer+dishwasher,context_after,4404600,2014-11-24 05:13:32,1416806012,2468,0,9,2260,0
REFIT-H1-COACT-000025,washer+dishwasher,context_before,4404600,2014-11-24 05:13:32,1416806012,2468,0,9,2260,0
REFIT-H1-COACT-000026,washer+dishwasher,context_before,4404600,2014-11-24 05:13:32,1416806012,2468,0,9,2260,0
REFIT-H1-COACT-000027,washer+dishwasher,context_before,4404600,2014-11-24 05:13:32,1416806012,2468,0,9,2260,0
REFIT-H1-COACT-000028,washer+dishwasher,context_before,4404600,2014-11-24 05:13:32,1416806012,2468,0,9,2260,0
REFIT-H1-COACT-000023,washer+dishwasher,context_after,4404601,2014-11-24 05:13:38,1416806018,2465,0,9,2220,0
REFIT-H1-COACT-000024,washer+dishwasher,context_after,4404601,2014-11-24 05:13:38,1416806018,2465,0,9,2220,0
REFIT-H1-COACT-000025,washer+dishwasher,context_before,4404601,2014-11-24 05:13:38,1416806018,2465,0,9,2220,0
REFIT-H1-COACT-000026,washer+dishwasher,context_before,4404601,2014-11-24 05:13:38,1416806018,2465,0,9,2220,0
REFIT-H1-COACT-000027,washer+dishwasher,context_before,4404601,2014-11-24 05:13:38,1416806018,2465,0,9,2220,0
REFIT-H1-COACT-000028,washer+dishwasher,context_before,4404601,2014-11-24 05:13:38,1416806018,2465,0,9,2220,0
REFIT-H1-COACT-000023,washer+dishwasher,context_after,4404602,2014-11-24 05:13:45,1416806025,2465,0,9,2256,0
REFIT-H1-COACT-000024,washer+dishwasher,context_after,4404602,2014-11-24 05:13:45,1416806025,2465,0,9,2256,0
REFIT-H1-COACT-000025,washer+dishwasher,context_before,4404602,2014-11-24 05:13:45,1416806025,2465,0,9,2256,0
REFIT-H1-COACT-000026,washer+dishwasher,context_before,4404602,2014-11-24 05:13:45,1416806025,2465,0,9,2256,0
REFIT-H1-COACT-000027,washer+dishwasher,context_before,4404602,2014-11-24 05:13:45,1416806025,2465,0,9,2256,0
REFIT-H1-COACT-000028,washer+dishwasher,context_before,4404602,2014-11-24 05:13:45,1416806025,2465,0,9,2256,0
REFIT-H1-COACT-000023,washer+dishwasher,context_after,4404603,2014-11-24 05:13:52,1416806032,2461,0,3,2260,0
REFIT-H1-COACT-000024,washer+dishwasher,context_after,4404603,2014-11-24 05:13:52,1416806032,2461,0,3,2260,0
REFIT-H1-COACT-000025,washer+dishwasher,context_before,4404603,2014-11-24 05:13:52,1416806032,2461,0,3,2260,0
REFIT-H1-COACT-000026,washer+dishwasher,context_before,4404603,2014-11-24 05:13:52,1416806032,2461,0,3,2260,0
REFIT-H1-COACT-000027,washer+dishwasher,context_before,4404603,2014-11-24 05:13:52,1416806032,2461,0,3,2260,0
REFIT-H1-COACT-000028,washer+dishwasher,context_before,4404603,2014-11-24 05:13:52,1416806032,2461,0,3,2260,0
REFIT-H1-COACT-000023,washer+dishwasher,context_after,4404604,2014-11-24 05:13:59,1416806039,2656,0,177,2244,0
REFIT-H1-COACT-000024,washer+dishwasher,context_after,4404604,2014-11-24 05:13:59,1416806039,2656,0,177,2244,0
REFIT-H1-COACT-000025,washer+dishwasher,candidate_window,4404604,2014-11-24 05:13:59,1416806039,2656,0,177,2244,0
REFIT-H1-COACT-000026,washer+dishwasher,context_before,4404604,2014-11-24 05:13:59,1416806039,2656,0,177,2244,0
REFIT-H1-COACT-000027,washer+dishwasher,context_before,4404604,2014-11-24 05:13:59,1416806039,2656,0,177,2244,0
REFIT-H1-COACT-000028,washer+dishwasher,context_before,4404604,2014-11-24 05:13:59,1416806039,2656,0,177,2244,0
REFIT-H1-COACT-000029,washer+dishwasher,context_before,4404604,2014-11-24 05:13:59,1416806039,2656,0,177,2244,0
REFIT-H1-COACT-000023,washer+dishwasher,context_after,4404605,2014-11-24 05:14:06,1416806046,2656,0,132,2252,0
REFIT-H1-COACT-000024,washer+dishwasher,context_after,4404605,2014-11-24 05:14:06,1416806046,2656,0,132,2252,0
REFIT-H1-COACT-000025,washer+dishwasher,candidate_window,4404605,2014-11-24 05:14:06,1416806046,2656,0,132,2252,0
REFIT-H1-COACT-000026,washer+dishwasher,context_before,4404605,2014-11-24 05:14:06,1416806046,2656,0,132,2252,0
REFIT-H1-COACT-000027,washer+dishwasher,context_before,4404605,2014-11-24 05:14:06,1416806046,2656,0,132,2252,0
REFIT-H1-COACT-000028,washer+dishwasher,context_before,4404605,2014-11-24 05:14:06,1416806046,2656,0,132,2252,0
REFIT-H1-COACT-000029,washer+dishwasher,context_before,4404605,2014-11-24 05:14:06,1416806046,2656,0,132,2252,0
REFIT-H1-COACT-000023,washer+dishwasher,context_after,4404606,2014-11-24 05:14:12,1416806052,2497,0,3,2248,0
REFIT-H1-COACT-000024,washer+dishwasher,context_after,4404606,2014-11-24 05:14:12,1416806052,2497,0,3,2248,0
REFIT-H1-COACT-000025,washer+dishwasher,context_after,4404606,2014-11-24 05:14:12,1416806052,2497,0,3,2248,0
REFIT-H1-COACT-000026,washer+dishwasher,context_before,4404606,2014-11-24 05:14:12,1416806052,2497,0,3,2248,0
REFIT-H1-COACT-000027,washer+dishwasher,context_before,4404606,2014-11-24 05:14:12,1416806052,2497,0,3,2248,0
REFIT-H1-COACT-000028,washer+dishwasher,context_before,4404606,2014-11-24 05:14:12,1416806052,2497,0,3,2248,0
REFIT-H1-COACT-000029,washer+dishwasher,context_before,4404606,2014-11-24 05:14:12,1416806052,2497,0,3,2248,0
REFIT-H1-COACT-000023,washer+dishwasher,context_after,4404607,2014-11-24 05:14:19,1416806059,3563,0,507,2248,0
REFIT-H1-COACT-000024,washer+dishwasher,context_after,4404607,2014-11-24 05:14:19,1416806059,3563,0,507,2248,0
REFIT-H1-COACT-000025,washer+dishwasher,context_after,4404607,2014-11-24 05:14:19,1416806059,3563,0,507,2248,0
REFIT-H1-COACT-000026,washer+dishwasher,candidate_window,4404607,2014-11-24 05:14:19,1416806059,3563,0,507,2248,0
REFIT-H1-COACT-000027,washer+dishwasher,context_before,4404607,2014-11-24 05:14:19,1416806059,3563,0,507,2248,0
REFIT-H1-COACT-000028,washer+dishwasher,context_before,4404607,2014-11-24 05:14:19,1416806059,3563,0,507,2248,0
REFIT-H1-COACT-000029,washer+dishwasher,context_before,4404607,2014-11-24 05:14:19,1416806059,3563,0,507,2248,0
REFIT-H1-COACT-000030,washer+dishwasher,context_before,4404607,2014-11-24 05:14:19,1416806059,3563,0,507,2248,0
REFIT-H1-COACT-000023,washer+dishwasher,context_after,4404608,2014-11-24 05:14:26,1416806066,2525,0,31,2232,0
REFIT-H1-COACT-000024,washer+dishwasher,context_after,4404608,2014-11-24 05:14:26,1416806066,2525,0,31,2232,0
REFIT-H1-COACT-000025,washer+dishwasher,context_after,4404608,2014-11-24 05:14:26,1416806066,2525,0,31,2232,0
REFIT-H1-COACT-000026,washer+dishwasher,context_after,4404608,2014-11-24 05:14:26,1416806066,2525,0,31,2232,0
REFIT-H1-COACT-000027,washer+dishwasher,context_before,4404608,2014-11-24 05:14:26,1416806066,2525,0,31,2232,0
REFIT-H1-COACT-000028,washer+dishwasher,context_before,4404608,2014-11-24 05:14:26,1416806066,2525,0,31,2232,0
REFIT-H1-COACT-000029,washer+dishwasher,context_before,4404608,2014-11-24 05:14:26,1416806066,2525,0,31,2232,0
REFIT-H1-COACT-000030,washer+dishwasher,context_before,4404608,2014-11-24 05:14:26,1416806066,2525,0,31,2232,0
REFIT-H1-COACT-000023,washer+dishwasher,context_after,4404609,2014-11-24 05:14:33,1416806073,2525,0,3,2224,0
REFIT-H1-COACT-000024,washer+dishwasher,context_after,4404609,2014-11-24 05:14:33,1416806073,2525,0,3,2224,0
REFIT-H1-COACT-000025,washer+dishwasher,context_after,4404609,2014-11-24 05:14:33,1416806073,2525,0,3,2224,0
REFIT-H1-COACT-000026,washer+dishwasher,context_after,4404609,2014-11-24 05:14:33,1416806073,2525,0,3,2224,0
REFIT-H1-COACT-000027,washer+dishwasher,context_before,4404609,2014-11-24 05:14:33,1416806073,2525,0,3,2224,0
REFIT-H1-COACT-000028,washer+dishwasher,context_before,4404609,2014-11-24 05:14:33,1416806073,2525,0,3,2224,0
REFIT-H1-COACT-000029,washer+dishwasher,context_before,4404609,2014-11-24 05:14:33,1416806073,2525,0,3,2224,0
REFIT-H1-COACT-000030,washer+dishwasher,context_before,4404609,2014-11-24 05:14:33,1416806073,2525,0,3,2224,0
REFIT-H1-COACT-000023,washer+dishwasher,context_after,4404610,2014-11-24 05:14:40,1416806080,2632,0,132,2220,0
REFIT-H1-COACT-000024,washer+dishwasher,context_after,4404610,2014-11-24 05:14:40,1416806080,2632,0,132,2220,0
REFIT-H1-COACT-000025,washer+dishwasher,context_after,4404610,2014-11-24 05:14:40,1416806080,2632,0,132,2220,0
REFIT-H1-COACT-000026,washer+dishwasher,context_after,4404610,2014-11-24 05:14:40,1416806080,2632,0,132,2220,0
REFIT-H1-COACT-000027,washer+dishwasher,candidate_window,4404610,2014-11-24 05:14:40,1416806080,2632,0,132,2220,0
REFIT-H1-COACT-000028,washer+dishwasher,context_before,4404610,2014-11-24 05:14:40,1416806080,2632,0,132,2220,0
REFIT-H1-COACT-000029,washer+dishwasher,context_before,4404610,2014-11-24 05:14:40,1416806080,2632,0,132,2220,0
REFIT-H1-COACT-000030,washer+dishwasher,context_before,4404610,2014-11-24 05:14:40,1416806080,2632,0,132,2220,0
REFIT-H1-COACT-000023,washer+dishwasher,context_after,4404611,2014-11-24 05:14:46,1416806086,2725,0,143,2220,0
REFIT-H1-COACT-000024,washer+dishwasher,context_after,4404611,2014-11-24 05:14:46,1416806086,2725,0,143,2220,0
REFIT-H1-COACT-000025,washer+dishwasher,context_after,4404611,2014-11-24 05:14:46,1416806086,2725,0,143,2220,0
REFIT-H1-COACT-000026,washer+dishwasher,context_after,4404611,2014-11-24 05:14:46,1416806086,2725,0,143,2220,0
REFIT-H1-COACT-000027,washer+dishwasher,candidate_window,4404611,2014-11-24 05:14:46,1416806086,2725,0,143,2220,0
REFIT-H1-COACT-000028,washer+dishwasher,context_before,4404611,2014-11-24 05:14:46,1416806086,2725,0,143,2220,0
REFIT-H1-COACT-000029,washer+dishwasher,context_before,4404611,2014-11-24 05:14:46,1416806086,2725,0,143,2220,0
REFIT-H1-COACT-000030,washer+dishwasher,context_before,4404611,2014-11-24 05:14:46,1416806086,2725,0,143,2220,0
REFIT-H1-COACT-000024,washer+dishwasher,context_after,4404612,2014-11-24 05:14:53,1416806093,2748,0,47,2252,0
REFIT-H1-COACT-000025,washer+dishwasher,context_after,4404612,2014-11-24 05:14:53,1416806093,2748,0,47,2252,0
REFIT-H1-COACT-000026,washer+dishwasher,context_after,4404612,2014-11-24 05:14:53,1416806093,2748,0,47,2252,0
REFIT-H1-COACT-000027,washer+dishwasher,context_after,4404612,2014-11-24 05:14:53,1416806093,2748,0,47,2252,0
REFIT-H1-COACT-000028,washer+dishwasher,context_before,4404612,2014-11-24 05:14:53,1416806093,2748,0,47,2252,0
REFIT-H1-COACT-000029,washer+dishwasher,context_before,4404612,2014-11-24 05:14:53,1416806093,2748,0,47,2252,0
REFIT-H1-COACT-000030,washer+dishwasher,context_before,4404612,2014-11-24 05:14:53,1416806093,2748,0,47,2252,0
REFIT-H1-COACT-000024,washer+dishwasher,context_after,4404613,2014-11-24 05:15:00,1416806100,2661,0,123,2252,0
REFIT-H1-COACT-000025,washer+dishwasher,context_after,4404613,2014-11-24 05:15:00,1416806100,2661,0,123,2252,0
REFIT-H1-COACT-000026,washer+dishwasher,context_after,4404613,2014-11-24 05:15:00,1416806100,2661,0,123,2252,0
REFIT-H1-COACT-000027,washer+dishwasher,context_after,4404613,2014-11-24 05:15:00,1416806100,2661,0,123,2252,0
REFIT-H1-COACT-000028,washer+dishwasher,candidate_window,4404613,2014-11-24 05:15:00,1416806100,2661,0,123,2252,0
REFIT-H1-COACT-000029,washer+dishwasher,context_before,4404613,2014-11-24 05:15:00,1416806100,2661,0,123,2252,0
REFIT-H1-COACT-000030,washer+dishwasher,context_before,4404613,2014-11-24 05:15:00,1416806100,2661,0,123,2252,0
REFIT-H1-COACT-000031,washer+dishwasher,context_before,4404613,2014-11-24 05:15:00,1416806100,2661,0,123,2252,0
REFIT-H1-COACT-000024,washer+dishwasher,context_after,4404614,2014-11-24 05:15:07,1416806107,2609,0,130,2256,0
REFIT-H1-COACT-000025,washer+dishwasher,context_after,4404614,2014-11-24 05:15:07,1416806107,2609,0,130,2256,0
REFIT-H1-COACT-000026,washer+dishwasher,context_after,4404614,2014-11-24 05:15:07,1416806107,2609,0,130,2256,0
REFIT-H1-COACT-000027,washer+dishwasher,context_after,4404614,2014-11-24 05:15:07,1416806107,2609,0,130,2256,0
REFIT-H1-COACT-000028,washer+dishwasher,candidate_window,4404614,2014-11-24 05:15:07,1416806107,2609,0,130,2256,0
REFIT-H1-COACT-000029,washer+dishwasher,context_before,4404614,2014-11-24 05:15:07,1416806107,2609,0,130,2256,0
REFIT-H1-COACT-000030,washer+dishwasher,context_before,4404614,2014-11-24 05:15:07,1416806107,2609,0,130,2256,0
REFIT-H1-COACT-000031,washer+dishwasher,context_before,4404614,2014-11-24 05:15:07,1416806107,2609,0,130,2256,0
REFIT-H1-COACT-000024,washer+dishwasher,context_after,4404615,2014-11-24 05:15:13,1416806113,2564,0,94,2260,0
REFIT-H1-COACT-000025,washer+dishwasher,context_after,4404615,2014-11-24 05:15:13,1416806113,2564,0,94,2260,0
REFIT-H1-COACT-000026,washer+dishwasher,context_after,4404615,2014-11-24 05:15:13,1416806113,2564,0,94,2260,0
REFIT-H1-COACT-000027,washer+dishwasher,context_after,4404615,2014-11-24 05:15:13,1416806113,2564,0,94,2260,0
REFIT-H1-COACT-000028,washer+dishwasher,context_after,4404615,2014-11-24 05:15:13,1416806113,2564,0,94,2260,0
REFIT-H1-COACT-000029,washer+dishwasher,context_before,4404615,2014-11-24 05:15:13,1416806113,2564,0,94,2260,0
REFIT-H1-COACT-000030,washer+dishwasher,context_before,4404615,2014-11-24 05:15:13,1416806113,2564,0,94,2260,0
REFIT-H1-COACT-000031,washer+dishwasher,context_before,4404615,2014-11-24 05:15:13,1416806113,2564,0,94,2260,0
REFIT-H1-COACT-000024,washer+dishwasher,context_after,4404616,2014-11-24 05:15:20,1416806120,2569,0,79,2228,0
REFIT-H1-COACT-000025,washer+dishwasher,context_after,4404616,2014-11-24 05:15:20,1416806120,2569,0,79,2228,0
REFIT-H1-COACT-000026,washer+dishwasher,context_after,4404616,2014-11-24 05:15:20,1416806120,2569,0,79,2228,0
REFIT-H1-COACT-000027,washer+dishwasher,context_after,4404616,2014-11-24 05:15:20,1416806120,2569,0,79,2228,0
REFIT-H1-COACT-000028,washer+dishwasher,context_after,4404616,2014-11-24 05:15:20,1416806120,2569,0,79,2228,0
REFIT-H1-COACT-000029,washer+dishwasher,context_before,4404616,2014-11-24 05:15:20,1416806120,2569,0,79,2228,0
REFIT-H1-COACT-000030,washer+dishwasher,context_before,4404616,2014-11-24 05:15:20,1416806120,2569,0,79,2228,0
REFIT-H1-COACT-000031,washer+dishwasher,context_before,4404616,2014-11-24 05:15:20,1416806120,2569,0,79,2228,0
REFIT-H1-COACT-000024,washer+dishwasher,context_after,4404617,2014-11-24 05:15:27,1416806127,2523,0,70,2252,0
REFIT-H1-COACT-000025,washer+dishwasher,context_after,4404617,2014-11-24 05:15:27,1416806127,2523,0,70,2252,0
REFIT-H1-COACT-000026,washer+dishwasher,context_after,4404617,2014-11-24 05:15:27,1416806127,2523,0,70,2252,0
REFIT-H1-COACT-000027,washer+dishwasher,context_after,4404617,2014-11-24 05:15:27,1416806127,2523,0,70,2252,0
REFIT-H1-COACT-000028,washer+dishwasher,context_after,4404617,2014-11-24 05:15:27,1416806127,2523,0,70,2252,0
REFIT-H1-COACT-000029,washer+dishwasher,context_before,4404617,2014-11-24 05:15:27,1416806127,2523,0,70,2252,0
REFIT-H1-COACT-000030,washer+dishwasher,context_before,4404617,2014-11-24 05:15:27,1416806127,2523,0,70,2252,0
REFIT-H1-COACT-000031,washer+dishwasher,context_before,4404617,2014-11-24 05:15:27,1416806127,2523,0,70,2252,0
REFIT-H1-COACT-000025,washer+dishwasher,context_after,4404618,2014-11-24 05:15:34,1416806134,2523,0,24,2244,0
REFIT-H1-COACT-000026,washer+dishwasher,context_after,4404618,2014-11-24 05:15:34,1416806134,2523,0,24,2244,0
REFIT-H1-COACT-000027,washer+dishwasher,context_after,4404618,2014-11-24 05:15:34,1416806134,2523,0,24,2244,0
REFIT-H1-COACT-000028,washer+dishwasher,context_after,4404618,2014-11-24 05:15:34,1416806134,2523,0,24,2244,0
REFIT-H1-COACT-000029,washer+dishwasher,context_before,4404618,2014-11-24 05:15:34,1416806134,2523,0,24,2244,0
REFIT-H1-COACT-000030,washer+dishwasher,context_before,4404618,2014-11-24 05:15:34,1416806134,2523,0,24,2244,0
REFIT-H1-COACT-000031,washer+dishwasher,context_before,4404618,2014-11-24 05:15:34,1416806134,2523,0,24,2244,0
REFIT-H1-COACT-000025,washer+dishwasher,context_after,4404619,2014-11-24 05:15:41,1416806141,2486,0,37,2264,0
REFIT-H1-COACT-000026,washer+dishwasher,context_after,4404619,2014-11-24 05:15:41,1416806141,2486,0,37,2264,0
REFIT-H1-COACT-000027,washer+dishwasher,context_after,4404619,2014-11-24 05:15:41,1416806141,2486,0,37,2264,0
REFIT-H1-COACT-000028,washer+dishwasher,context_after,4404619,2014-11-24 05:15:41,1416806141,2486,0,37,2264,0
REFIT-H1-COACT-000029,washer+dishwasher,context_before,4404619,2014-11-24 05:15:41,1416806141,2486,0,37,2264,0
REFIT-H1-COACT-000030,washer+dishwasher,context_before,4404619,2014-11-24 05:15:41,1416806141,2486,0,37,2264,0
REFIT-H1-COACT-000031,washer+dishwasher,context_before,4404619,2014-11-24 05:15:41,1416806141,2486,0,37,2264,0
REFIT-H1-COACT-000025,washer+dishwasher,context_after,4404620,2014-11-24 05:15:47,1416806147,2654,0,86,2277,0
REFIT-H1-COACT-000026,washer+dishwasher,context_after,4404620,2014-11-24 05:15:47,1416806147,2654,0,86,2277,0
REFIT-H1-COACT-000027,washer+dishwasher,context_after,4404620,2014-11-24 05:15:47,1416806147,2654,0,86,2277,0
REFIT-H1-COACT-000028,washer+dishwasher,context_after,4404620,2014-11-24 05:15:47,1416806147,2654,0,86,2277,0
REFIT-H1-COACT-000029,washer+dishwasher,context_before,4404620,2014-11-24 05:15:47,1416806147,2654,0,86,2277,0
REFIT-H1-COACT-000030,washer+dishwasher,context_before,4404620,2014-11-24 05:15:47,1416806147,2654,0,86,2277,0
REFIT-H1-COACT-000031,washer+dishwasher,context_before,4404620,2014-11-24 05:15:47,1416806147,2654,0,86,2277,0
REFIT-H1-COACT-000025,washer+dishwasher,context_after,4404621,2014-11-24 05:15:54,1416806154,2463,0,3,2268,0
REFIT-H1-COACT-000026,washer+dishwasher,context_after,4404621,2014-11-24 05:15:54,1416806154,2463,0,3,2268,0
REFIT-H1-COACT-000027,washer+dishwasher,context_after,4404621,2014-11-24 05:15:54,1416806154,2463,0,3,2268,0
REFIT-H1-COACT-000028,washer+dishwasher,context_after,4404621,2014-11-24 05:15:54,1416806154,2463,0,3,2268,0
REFIT-H1-COACT-000029,washer+dishwasher,context_before,4404621,2014-11-24 05:15:54,1416806154,2463,0,3,2268,0
REFIT-H1-COACT-000030,washer+dishwasher,context_before,4404621,2014-11-24 05:15:54,1416806154,2463,0,3,2268,0
REFIT-H1-COACT-000031,washer+dishwasher,context_before,4404621,2014-11-24 05:15:54,1416806154,2463,0,3,2268,0
REFIT-H1-COACT-000025,washer+dishwasher,context_after,4404622,2014-11-24 05:16:01,1416806161,2464,0,9,2248,0
REFIT-H1-COACT-000026,washer+dishwasher,context_after,4404622,2014-11-24 05:16:01,1416806161,2464,0,9,2248,0
REFIT-H1-COACT-000027,washer+dishwasher,context_after,4404622,2014-11-24 05:16:01,1416806161,2464,0,9,2248,0
REFIT-H1-COACT-000028,washer+dishwasher,context_after,4404622,2014-11-24 05:16:01,1416806161,2464,0,9,2248,0
REFIT-H1-COACT-000029,washer+dishwasher,context_before,4404622,2014-11-24 05:16:01,1416806161,2464,0,9,2248,0
REFIT-H1-COACT-000030,washer+dishwasher,context_before,4404622,2014-11-24 05:16:01,1416806161,2464,0,9,2248,0
REFIT-H1-COACT-000031,washer+dishwasher,context_before,4404622,2014-11-24 05:16:01,1416806161,2464,0,9,2248,0
REFIT-H1-COACT-000025,washer+dishwasher,context_after,4404623,2014-11-24 05:16:07,1416806167,2465,0,9,2268,0
REFIT-H1-COACT-000026,washer+dishwasher,context_after,4404623,2014-11-24 05:16:07,1416806167,2465,0,9,2268,0
REFIT-H1-COACT-000027,washer+dishwasher,context_after,4404623,2014-11-24 05:16:07,1416806167,2465,0,9,2268,0
REFIT-H1-COACT-000028,washer+dishwasher,context_after,4404623,2014-11-24 05:16:07,1416806167,2465,0,9,2268,0
REFIT-H1-COACT-000029,washer+dishwasher,context_before,4404623,2014-11-24 05:16:07,1416806167,2465,0,9,2268,0
REFIT-H1-COACT-000030,washer+dishwasher,context_before,4404623,2014-11-24 05:16:07,1416806167,2465,0,9,2268,0
REFIT-H1-COACT-000031,washer+dishwasher,context_before,4404623,2014-11-24 05:16:07,1416806167,2465,0,9,2268,0
REFIT-H1-COACT-000032,washer+dishwasher,context_before,4404623,2014-11-24 05:16:07,1416806167,2465,0,9,2268,0
REFIT-H1-COACT-000025,washer+dishwasher,context_after,4404624,2014-11-24 05:16:14,1416806174,2469,0,9,2256,0
REFIT-H1-COACT-000026,washer+dishwasher,context_after,4404624,2014-11-24 05:16:14,1416806174,2469,0,9,2256,0
REFIT-H1-COACT-000027,washer+dishwasher,context_after,4404624,2014-11-24 05:16:14,1416806174,2469,0,9,2256,0
REFIT-H1-COACT-000028,washer+dishwasher,context_after,4404624,2014-11-24 05:16:14,1416806174,2469,0,9,2256,0
REFIT-H1-COACT-000029,washer+dishwasher,context_before,4404624,2014-11-24 05:16:14,1416806174,2469,0,9,2256,0
REFIT-H1-COACT-000030,washer+dishwasher,context_before,4404624,2014-11-24 05:16:14,1416806174,2469,0,9,2256,0
REFIT-H1-COACT-000031,washer+dishwasher,context_before,4404624,2014-11-24 05:16:14,1416806174,2469,0,9,2256,0
REFIT-H1-COACT-000032,washer+dishwasher,context_before,4404624,2014-11-24 05:16:14,1416806174,2469,0,9,2256,0
REFIT-H1-COACT-000025,washer+dishwasher,context_after,4404625,2014-11-24 05:16:21,1416806181,2492,0,9,2264,0
REFIT-H1-COACT-000026,washer+dishwasher,context_after,4404625,2014-11-24 05:16:21,1416806181,2492,0,9,2264,0
REFIT-H1-COACT-000027,washer+dishwasher,context_after,4404625,2014-11-24 05:16:21,1416806181,2492,0,9,2264,0
REFIT-H1-COACT-000028,washer+dishwasher,context_after,4404625,2014-11-24 05:16:21,1416806181,2492,0,9,2264,0
REFIT-H1-COACT-000029,washer+dishwasher,context_before,4404625,2014-11-24 05:16:21,1416806181,2492,0,9,2264,0
REFIT-H1-COACT-000030,washer+dishwasher,context_before,4404625,2014-11-24 05:16:21,1416806181,2492,0,9,2264,0
REFIT-H1-COACT-000031,washer+dishwasher,context_before,4404625,2014-11-24 05:16:21,1416806181,2492,0,9,2264,0
REFIT-H1-COACT-000032,washer+dishwasher,context_before,4404625,2014-11-24 05:16:21,1416806181,2492,0,9,2264,0
REFIT-H1-COACT-000025,washer+dishwasher,context_after,4404626,2014-11-24 05:16:28,1416806188,2462,0,9,2264,0
REFIT-H1-COACT-000026,washer+dishwasher,context_after,4404626,2014-11-24 05:16:28,1416806188,2462,0,9,2264,0
REFIT-H1-COACT-000027,washer+dishwasher,context_after,4404626,2014-11-24 05:16:28,1416806188,2462,0,9,2264,0
REFIT-H1-COACT-000028,washer+dishwasher,context_after,4404626,2014-11-24 05:16:28,1416806188,2462,0,9,2264,0
REFIT-H1-COACT-000029,washer+dishwasher,context_before,4404626,2014-11-24 05:16:28,1416806188,2462,0,9,2264,0
REFIT-H1-COACT-000030,washer+dishwasher,context_before,4404626,2014-11-24 05:16:28,1416806188,2462,0,9,2264,0
REFIT-H1-COACT-000031,washer+dishwasher,context_before,4404626,2014-11-24 05:16:28,1416806188,2462,0,9,2264,0
REFIT-H1-COACT-000032,washer+dishwasher,context_before,4404626,2014-11-24 05:16:28,1416806188,2462,0,9,2264,0
REFIT-H1-COACT-000025,washer+dishwasher,context_after,4404627,2014-11-24 05:16:34,1416806194,2462,0,8,2236,0
REFIT-H1-COACT-000026,washer+dishwasher,context_after,4404627,2014-11-24 05:16:34,1416806194,2462,0,8,2236,0
REFIT-H1-COACT-000027,washer+dishwasher,context_after,4404627,2014-11-24 05:16:34,1416806194,2462,0,8,2236,0
REFIT-H1-COACT-000028,washer+dishwasher,context_after,4404627,2014-11-24 05:16:34,1416806194,2462,0,8,2236,0
REFIT-H1-COACT-000029,washer+dishwasher,context_before,4404627,2014-11-24 05:16:34,1416806194,2462,0,8,2236,0
REFIT-H1-COACT-000030,washer+dishwasher,context_before,4404627,2014-11-24 05:16:34,1416806194,2462,0,8,2236,0
REFIT-H1-COACT-000031,washer+dishwasher,context_before,4404627,2014-11-24 05:16:34,1416806194,2462,0,8,2236,0
REFIT-H1-COACT-000032,washer+dishwasher,context_before,4404627,2014-11-24 05:16:34,1416806194,2462,0,8,2236,0
REFIT-H1-COACT-000025,washer+dishwasher,context_after,4404628,2014-11-24 05:16:41,1416806201,2495,0,9,2224,0
REFIT-H1-COACT-000026,washer+dishwasher,context_after,4404628,2014-11-24 05:16:41,1416806201,2495,0,9,2224,0
REFIT-H1-COACT-000027,washer+dishwasher,context_after,4404628,2014-11-24 05:16:41,1416806201,2495,0,9,2224,0
REFIT-H1-COACT-000028,washer+dishwasher,context_after,4404628,2014-11-24 05:16:41,1416806201,2495,0,9,2224,0
REFIT-H1-COACT-000029,washer+dishwasher,context_before,4404628,2014-11-24 05:16:41,1416806201,2495,0,9,2224,0
REFIT-H1-COACT-000030,washer+dishwasher,context_before,4404628,2014-11-24 05:16:41,1416806201,2495,0,9,2224,0
REFIT-H1-COACT-000031,washer+dishwasher,context_before,4404628,2014-11-24 05:16:41,1416806201,2495,0,9,2224,0
REFIT-H1-COACT-000032,washer+dishwasher,context_before,4404628,2014-11-24 05:16:41,1416806201,2495,0,9,2224,0
REFIT-H1-COACT-000025,washer+dishwasher,context_after,4404629,2014-11-24 05:16:48,1416806208,2463,0,9,2224,0
REFIT-H1-COACT-000026,washer+dishwasher,context_after,4404629,2014-11-24 05:16:48,1416806208,2463,0,9,2224,0
REFIT-H1-COACT-000027,washer+dishwasher,context_after,4404629,2014-11-24 05:16:48,1416806208,2463,0,9,2224,0
REFIT-H1-COACT-000028,washer+dishwasher,context_after,4404629,2014-11-24 05:16:48,1416806208,2463,0,9,2224,0
REFIT-H1-COACT-000029,washer+dishwasher,context_before,4404629,2014-11-24 05:16:48,1416806208,2463,0,9,2224,0
REFIT-H1-COACT-000030,washer+dishwasher,context_before,4404629,2014-11-24 05:16:48,1416806208,2463,0,9,2224,0
REFIT-H1-COACT-000031,washer+dishwasher,context_before,4404629,2014-11-24 05:16:48,1416806208,2463,0,9,2224,0
REFIT-H1-COACT-000032,washer+dishwasher,context_before,4404629,2014-11-24 05:16:48,1416806208,2463,0,9,2224,0
REFIT-H1-COACT-000033,washer+dishwasher,context_before,4404629,2014-11-24 05:16:48,1416806208,2463,0,9,2224,0
REFIT-H1-COACT-000025,washer+dishwasher,context_after,4404630,2014-11-24 05:16:55,1416806215,2462,0,9,2224,0
REFIT-H1-COACT-000026,washer+dishwasher,context_after,4404630,2014-11-24 05:16:55,1416806215,2462,0,9,2224,0
REFIT-H1-COACT-000027,washer+dishwasher,context_after,4404630,2014-11-24 05:16:55,1416806215,2462,0,9,2224,0
REFIT-H1-COACT-000028,washer+dishwasher,context_after,4404630,2014-11-24 05:16:55,1416806215,2462,0,9,2224,0
REFIT-H1-COACT-000029,washer+dishwasher,context_before,4404630,2014-11-24 05:16:55,1416806215,2462,0,9,2224,0
REFIT-H1-COACT-000030,washer+dishwasher,context_before,4404630,2014-11-24 05:16:55,1416806215,2462,0,9,2224,0
REFIT-H1-COACT-000031,washer+dishwasher,context_before,4404630,2014-11-24 05:16:55,1416806215,2462,0,9,2224,0
REFIT-H1-COACT-000032,washer+dishwasher,context_before,4404630,2014-11-24 05:16:55,1416806215,2462,0,9,2224,0
REFIT-H1-COACT-000033,washer+dishwasher,context_before,4404630,2014-11-24 05:16:55,1416806215,2462,0,9,2224,0
REFIT-H1-COACT-000025,washer+dishwasher,context_after,4404631,2014-11-24 05:17:01,1416806221,2517,0,9,2228,0
REFIT-H1-COACT-000026,washer+dishwasher,context_after,4404631,2014-11-24 05:17:01,1416806221,2517,0,9,2228,0
REFIT-H1-COACT-000027,washer+dishwasher,context_after,4404631,2014-11-24 05:17:01,1416806221,2517,0,9,2228,0
REFIT-H1-COACT-000028,washer+dishwasher,context_after,4404631,2014-11-24 05:17:01,1416806221,2517,0,9,2228,0
REFIT-H1-COACT-000029,washer+dishwasher,context_before,4404631,2014-11-24 05:17:01,1416806221,2517,0,9,2228,0
REFIT-H1-COACT-000030,washer+dishwasher,context_before,4404631,2014-11-24 05:17:01,1416806221,2517,0,9,2228,0
REFIT-H1-COACT-000031,washer+dishwasher,context_before,4404631,2014-11-24 05:17:01,1416806221,2517,0,9,2228,0
REFIT-H1-COACT-000032,washer+dishwasher,context_before,4404631,2014-11-24 05:17:01,1416806221,2517,0,9,2228,0
REFIT-H1-COACT-000033,washer+dishwasher,context_before,4404631,2014-11-24 05:17:01,1416806221,2517,0,9,2228,0
REFIT-H1-COACT-000025,washer+dishwasher,context_after,4404632,2014-11-24 05:17:08,1416806228,2457,0,9,2220,0
REFIT-H1-COACT-000026,washer+dishwasher,context_after,4404632,2014-11-24 05:17:08,1416806228,2457,0,9,2220,0
REFIT-H1-COACT-000027,washer+dishwasher,context_after,4404632,2014-11-24 05:17:08,1416806228,2457,0,9,2220,0
REFIT-H1-COACT-000028,washer+dishwasher,context_after,4404632,2014-11-24 05:17:08,1416806228,2457,0,9,2220,0
REFIT-H1-COACT-000029,washer+dishwasher,context_before,4404632,2014-11-24 05:17:08,1416806228,2457,0,9,2220,0
REFIT-H1-COACT-000030,washer+dishwasher,context_before,4404632,2014-11-24 05:17:08,1416806228,2457,0,9,2220,0
REFIT-H1-COACT-000031,washer+dishwasher,context_before,4404632,2014-11-24 05:17:08,1416806228,2457,0,9,2220,0
REFIT-H1-COACT-000032,washer+dishwasher,context_before,4404632,2014-11-24 05:17:08,1416806228,2457,0,9,2220,0
REFIT-H1-COACT-000033,washer+dishwasher,context_before,4404632,2014-11-24 05:17:08,1416806228,2457,0,9,2220,0
REFIT-H1-COACT-000025,washer+dishwasher,context_after,4404633,2014-11-24 05:17:15,1416806235,2469,0,3,2244,0
REFIT-H1-COACT-000026,washer+dishwasher,context_after,4404633,2014-11-24 05:17:15,1416806235,2469,0,3,2244,0
REFIT-H1-COACT-000027,washer+dishwasher,context_after,4404633,2014-11-24 05:17:15,1416806235,2469,0,3,2244,0
REFIT-H1-COACT-000028,washer+dishwasher,context_after,4404633,2014-11-24 05:17:15,1416806235,2469,0,3,2244,0
REFIT-H1-COACT-000029,washer+dishwasher,context_before,4404633,2014-11-24 05:17:15,1416806235,2469,0,3,2244,0
REFIT-H1-COACT-000030,washer+dishwasher,context_before,4404633,2014-11-24 05:17:15,1416806235,2469,0,3,2244,0
REFIT-H1-COACT-000031,washer+dishwasher,context_before,4404633,2014-11-24 05:17:15,1416806235,2469,0,3,2244,0
REFIT-H1-COACT-000032,washer+dishwasher,context_before,4404633,2014-11-24 05:17:15,1416806235,2469,0,3,2244,0
REFIT-H1-COACT-000033,washer+dishwasher,context_before,4404633,2014-11-24 05:17:15,1416806235,2469,0,3,2244,0
REFIT-H1-COACT-000025,washer+dishwasher,context_after,4404634,2014-11-24 05:17:22,1416806242,2725,0,168,2260,0
REFIT-H1-COACT-000026,washer+dishwasher,context_after,4404634,2014-11-24 05:17:22,1416806242,2725,0,168,2260,0
REFIT-H1-COACT-000027,washer+dishwasher,context_after,4404634,2014-11-24 05:17:22,1416806242,2725,0,168,2260,0
REFIT-H1-COACT-000028,washer+dishwasher,context_after,4404634,2014-11-24 05:17:22,1416806242,2725,0,168,2260,0
REFIT-H1-COACT-000029,washer+dishwasher,candidate_window,4404634,2014-11-24 05:17:22,1416806242,2725,0,168,2260,0
REFIT-H1-COACT-000030,washer+dishwasher,context_before,4404634,2014-11-24 05:17:22,1416806242,2725,0,168,2260,0
REFIT-H1-COACT-000031,washer+dishwasher,context_before,4404634,2014-11-24 05:17:22,1416806242,2725,0,168,2260,0
REFIT-H1-COACT-000032,washer+dishwasher,context_before,4404634,2014-11-24 05:17:22,1416806242,2725,0,168,2260,0
REFIT-H1-COACT-000033,washer+dishwasher,context_before,4404634,2014-11-24 05:17:22,1416806242,2725,0,168,2260,0
REFIT-H1-COACT-000025,washer+dishwasher,context_after,4404635,2014-11-24 05:17:28,1416806248,2739,0,152,2232,0
REFIT-H1-COACT-000026,washer+dishwasher,context_after,4404635,2014-11-24 05:17:28,1416806248,2739,0,152,2232,0
REFIT-H1-COACT-000027,washer+dishwasher,context_after,4404635,2014-11-24 05:17:28,1416806248,2739,0,152,2232,0
REFIT-H1-COACT-000028,washer+dishwasher,context_after,4404635,2014-11-24 05:17:28,1416806248,2739,0,152,2232,0
REFIT-H1-COACT-000029,washer+dishwasher,candidate_window,4404635,2014-11-24 05:17:28,1416806248,2739,0,152,2232,0
REFIT-H1-COACT-000030,washer+dishwasher,context_before,4404635,2014-11-24 05:17:28,1416806248,2739,0,152,2232,0
REFIT-H1-COACT-000031,washer+dishwasher,context_before,4404635,2014-11-24 05:17:28,1416806248,2739,0,152,2232,0
REFIT-H1-COACT-000032,washer+dishwasher,context_before,4404635,2014-11-24 05:17:28,1416806248,2739,0,152,2232,0
REFIT-H1-COACT-000033,washer+dishwasher,context_before,4404635,2014-11-24 05:17:28,1416806248,2739,0,152,2232,0
REFIT-H1-COACT-000026,washer+dishwasher,context_after,4404636,2014-11-24 05:17:35,1416806255,2467,0,3,2232,0
REFIT-H1-COACT-000027,washer+dishwasher,context_after,4404636,2014-11-24 05:17:35,1416806255,2467,0,3,2232,0
REFIT-H1-COACT-000028,washer+dishwasher,context_after,4404636,2014-11-24 05:17:35,1416806255,2467,0,3,2232,0
REFIT-H1-COACT-000029,washer+dishwasher,context_after,4404636,2014-11-24 05:17:35,1416806255,2467,0,3,2232,0
REFIT-H1-COACT-000030,washer+dishwasher,context_before,4404636,2014-11-24 05:17:35,1416806255,2467,0,3,2232,0
REFIT-H1-COACT-000031,washer+dishwasher,context_before,4404636,2014-11-24 05:17:35,1416806255,2467,0,3,2232,0
REFIT-H1-COACT-000032,washer+dishwasher,context_before,4404636,2014-11-24 05:17:35,1416806255,2467,0,3,2232,0
REFIT-H1-COACT-000033,washer+dishwasher,context_before,4404636,2014-11-24 05:17:35,1416806255,2467,0,3,2232,0
REFIT-H1-COACT-000026,washer+dishwasher,context_after,4404637,2014-11-24 05:17:42,1416806262,2970,0,193,2216,0
REFIT-H1-COACT-000027,washer+dishwasher,context_after,4404637,2014-11-24 05:17:42,1416806262,2970,0,193,2216,0
REFIT-H1-COACT-000028,washer+dishwasher,context_after,4404637,2014-11-24 05:17:42,1416806262,2970,0,193,2216,0
REFIT-H1-COACT-000029,washer+dishwasher,context_after,4404637,2014-11-24 05:17:42,1416806262,2970,0,193,2216,0
REFIT-H1-COACT-000030,washer+dishwasher,candidate_window,4404637,2014-11-24 05:17:42,1416806262,2970,0,193,2216,0
REFIT-H1-COACT-000031,washer+dishwasher,context_before,4404637,2014-11-24 05:17:42,1416806262,2970,0,193,2216,0
REFIT-H1-COACT-000032,washer+dishwasher,context_before,4404637,2014-11-24 05:17:42,1416806262,2970,0,193,2216,0
REFIT-H1-COACT-000033,washer+dishwasher,context_before,4404637,2014-11-24 05:17:42,1416806262,2970,0,193,2216,0
REFIT-H1-COACT-000027,washer+dishwasher,context_after,4404638,2014-11-24 05:17:49,1416806269,2670,0,173,2252,0
REFIT-H1-COACT-000028,washer+dishwasher,context_after,4404638,2014-11-24 05:17:49,1416806269,2670,0,173,2252,0
REFIT-H1-COACT-000029,washer+dishwasher,context_after,4404638,2014-11-24 05:17:49,1416806269,2670,0,173,2252,0
REFIT-H1-COACT-000030,washer+dishwasher,candidate_window,4404638,2014-11-24 05:17:49,1416806269,2670,0,173,2252,0
REFIT-H1-COACT-000031,washer+dishwasher,context_before,4404638,2014-11-24 05:17:49,1416806269,2670,0,173,2252,0
REFIT-H1-COACT-000032,washer+dishwasher,context_before,4404638,2014-11-24 05:17:49,1416806269,2670,0,173,2252,0
REFIT-H1-COACT-000033,washer+dishwasher,context_before,4404638,2014-11-24 05:17:49,1416806269,2670,0,173,2252,0
REFIT-H1-COACT-000027,washer+dishwasher,context_after,4404639,2014-11-24 05:17:56,1416806276,2474,0,22,2216,0
REFIT-H1-COACT-000028,washer+dishwasher,context_after,4404639,2014-11-24 05:17:56,1416806276,2474,0,22,2216,0
REFIT-H1-COACT-000029,washer+dishwasher,context_after,4404639,2014-11-24 05:17:56,1416806276,2474,0,22,2216,0
REFIT-H1-COACT-000030,washer+dishwasher,context_after,4404639,2014-11-24 05:17:56,1416806276,2474,0,22,2216,0
REFIT-H1-COACT-000031,washer+dishwasher,context_before,4404639,2014-11-24 05:17:56,1416806276,2474,0,22,2216,0
REFIT-H1-COACT-000032,washer+dishwasher,context_before,4404639,2014-11-24 05:17:56,1416806276,2474,0,22,2216,0
REFIT-H1-COACT-000033,washer+dishwasher,context_before,4404639,2014-11-24 05:17:56,1416806276,2474,0,22,2216,0
REFIT-H1-COACT-000027,washer+dishwasher,context_after,4404640,2014-11-24 05:18:02,1416806282,2470,0,4,2208,0
REFIT-H1-COACT-000028,washer+dishwasher,context_after,4404640,2014-11-24 05:18:02,1416806282,2470,0,4,2208,0
REFIT-H1-COACT-000029,washer+dishwasher,context_after,4404640,2014-11-24 05:18:02,1416806282,2470,0,4,2208,0
REFIT-H1-COACT-000030,washer+dishwasher,context_after,4404640,2014-11-24 05:18:02,1416806282,2470,0,4,2208,0
REFIT-H1-COACT-000031,washer+dishwasher,context_before,4404640,2014-11-24 05:18:02,1416806282,2470,0,4,2208,0
REFIT-H1-COACT-000032,washer+dishwasher,context_before,4404640,2014-11-24 05:18:02,1416806282,2470,0,4,2208,0
REFIT-H1-COACT-000033,washer+dishwasher,context_before,4404640,2014-11-24 05:18:02,1416806282,2470,0,4,2208,0
REFIT-H1-COACT-000027,washer+dishwasher,context_after,4404641,2014-11-24 05:18:09,1416806289,2713,0,4,2212,0
REFIT-H1-COACT-000028,washer+dishwasher,context_after,4404641,2014-11-24 05:18:09,1416806289,2713,0,4,2212,0
REFIT-H1-COACT-000029,washer+dishwasher,context_after,4404641,2014-11-24 05:18:09,1416806289,2713,0,4,2212,0
REFIT-H1-COACT-000030,washer+dishwasher,context_after,4404641,2014-11-24 05:18:09,1416806289,2713,0,4,2212,0
REFIT-H1-COACT-000031,washer+dishwasher,context_before,4404641,2014-11-24 05:18:09,1416806289,2713,0,4,2212,0
REFIT-H1-COACT-000032,washer+dishwasher,context_before,4404641,2014-11-24 05:18:09,1416806289,2713,0,4,2212,0
REFIT-H1-COACT-000033,washer+dishwasher,context_before,4404641,2014-11-24 05:18:09,1416806289,2713,0,4,2212,0
REFIT-H1-COACT-000028,washer+dishwasher,context_after,4404642,2014-11-24 05:18:16,1416806296,2521,0,50,2236,0
REFIT-H1-COACT-000029,washer+dishwasher,context_after,4404642,2014-11-24 05:18:16,1416806296,2521,0,50,2236,0
REFIT-H1-COACT-000030,washer+dishwasher,context_after,4404642,2014-11-24 05:18:16,1416806296,2521,0,50,2236,0
REFIT-H1-COACT-000031,washer+dishwasher,context_before,4404642,2014-11-24 05:18:16,1416806296,2521,0,50,2236,0
REFIT-H1-COACT-000032,washer+dishwasher,context_before,4404642,2014-11-24 05:18:16,1416806296,2521,0,50,2236,0
REFIT-H1-COACT-000033,washer+dishwasher,context_before,4404642,2014-11-24 05:18:16,1416806296,2521,0,50,2236,0
REFIT-H1-COACT-000028,washer+dishwasher,context_after,4404643,2014-11-24 05:18:22,1416806302,2647,0,150,2208,0
REFIT-H1-COACT-000029,washer+dishwasher,context_after,4404643,2014-11-24 05:18:22,1416806302,2647,0,150,2208,0
REFIT-H1-COACT-000030,washer+dishwasher,context_after,4404643,2014-11-24 05:18:22,1416806302,2647,0,150,2208,0
REFIT-H1-COACT-000031,washer+dishwasher,candidate_window,4404643,2014-11-24 05:18:22,1416806302,2647,0,150,2208,0
REFIT-H1-COACT-000032,washer+dishwasher,context_before,4404643,2014-11-24 05:18:22,1416806302,2647,0,150,2208,0
REFIT-H1-COACT-000033,washer+dishwasher,context_before,4404643,2014-11-24 05:18:22,1416806302,2647,0,150,2208,0
REFIT-H1-COACT-000028,washer+dishwasher,context_after,4404644,2014-11-24 05:18:29,1416806309,2637,0,137,2220,0
REFIT-H1-COACT-000029,washer+dishwasher,context_after,4404644,2014-11-24 05:18:29,1416806309,2637,0,137,2220,0
REFIT-H1-COACT-000030,washer+dishwasher,context_after,4404644,2014-11-24 05:18:29,1416806309,2637,0,137,2220,0
REFIT-H1-COACT-000031,washer+dishwasher,candidate_window,4404644,2014-11-24 05:18:29,1416806309,2637,0,137,2220,0
REFIT-H1-COACT-000032,washer+dishwasher,context_before,4404644,2014-11-24 05:18:29,1416806309,2637,0,137,2220,0
REFIT-H1-COACT-000033,washer+dishwasher,context_before,4404644,2014-11-24 05:18:29,1416806309,2637,0,137,2220,0
REFIT-H1-COACT-000029,washer+dishwasher,context_after,4404645,2014-11-24 05:18:36,1416806316,2641,0,109,2220,0
REFIT-H1-COACT-000030,washer+dishwasher,context_after,4404645,2014-11-24 05:18:36,1416806316,2641,0,109,2220,0
REFIT-H1-COACT-000031,washer+dishwasher,candidate_window,4404645,2014-11-24 05:18:36,1416806316,2641,0,109,2220,0
REFIT-H1-COACT-000032,washer+dishwasher,context_before,4404645,2014-11-24 05:18:36,1416806316,2641,0,109,2220,0
REFIT-H1-COACT-000033,washer+dishwasher,context_before,4404645,2014-11-24 05:18:36,1416806316,2641,0,109,2220,0
REFIT-H1-COACT-000029,washer+dishwasher,context_after,4404646,2014-11-24 05:18:42,1416806322,2558,0,100,2208,0
REFIT-H1-COACT-000030,washer+dishwasher,context_after,4404646,2014-11-24 05:18:42,1416806322,2558,0,100,2208,0
REFIT-H1-COACT-000031,washer+dishwasher,candidate_window,4404646,2014-11-24 05:18:42,1416806322,2558,0,100,2208,0
REFIT-H1-COACT-000032,washer+dishwasher,context_before,4404646,2014-11-24 05:18:42,1416806322,2558,0,100,2208,0
REFIT-H1-COACT-000033,washer+dishwasher,context_before,4404646,2014-11-24 05:18:42,1416806322,2558,0,100,2208,0
REFIT-H1-COACT-000029,washer+dishwasher,context_after,4404647,2014-11-24 05:18:49,1416806329,2524,0,72,2208,0
REFIT-H1-COACT-000030,washer+dishwasher,context_after,4404647,2014-11-24 05:18:49,1416806329,2524,0,72,2208,0
REFIT-H1-COACT-000031,washer+dishwasher,context_after,4404647,2014-11-24 05:18:49,1416806329,2524,0,72,2208,0
REFIT-H1-COACT-000032,washer+dishwasher,context_before,4404647,2014-11-24 05:18:49,1416806329,2524,0,72,2208,0
REFIT-H1-COACT-000033,washer+dishwasher,context_before,4404647,2014-11-24 05:18:49,1416806329,2524,0,72,2208,0
REFIT-H1-COACT-000029,washer+dishwasher,context_after,4404648,2014-11-24 05:18:56,1416806336,2506,0,25,2216,0
REFIT-H1-COACT-000030,washer+dishwasher,context_after,4404648,2014-11-24 05:18:56,1416806336,2506,0,25,2216,0
REFIT-H1-COACT-000031,washer+dishwasher,context_after,4404648,2014-11-24 05:18:56,1416806336,2506,0,25,2216,0
REFIT-H1-COACT-000032,washer+dishwasher,context_before,4404648,2014-11-24 05:18:56,1416806336,2506,0,25,2216,0
REFIT-H1-COACT-000033,washer+dishwasher,context_before,4404648,2014-11-24 05:18:56,1416806336,2506,0,25,2216,0
REFIT-H1-COACT-000029,washer+dishwasher,context_after,4404649,2014-11-24 05:19:03,1416806343,2506,0,31,2216,0
REFIT-H1-COACT-000030,washer+dishwasher,context_after,4404649,2014-11-24 05:19:03,1416806343,2506,0,31,2216,0
REFIT-H1-COACT-000031,washer+dishwasher,context_after,4404649,2014-11-24 05:19:03,1416806343,2506,0,31,2216,0
REFIT-H1-COACT-000032,washer+dishwasher,context_before,4404649,2014-11-24 05:19:03,1416806343,2506,0,31,2216,0
REFIT-H1-COACT-000033,washer+dishwasher,context_before,4404649,2014-11-24 05:19:03,1416806343,2506,0,31,2216,0
REFIT-H1-COACT-000029,washer+dishwasher,context_after,4404650,2014-11-24 05:19:09,1416806349,2506,0,34,2240,0
REFIT-H1-COACT-000030,washer+dishwasher,context_after,4404650,2014-11-24 05:19:09,1416806349,2506,0,34,2240,0
REFIT-H1-COACT-000031,washer+dishwasher,context_after,4404650,2014-11-24 05:19:09,1416806349,2506,0,34,2240,0
REFIT-H1-COACT-000032,washer+dishwasher,context_before,4404650,2014-11-24 05:19:09,1416806349,2506,0,34,2240,0
REFIT-H1-COACT-000033,washer+dishwasher,context_before,4404650,2014-11-24 05:19:09,1416806349,2506,0,34,2240,0
REFIT-H1-COACT-000029,washer+dishwasher,context_after,4404651,2014-11-24 05:19:16,1416806356,2458,0,36,2193,0
REFIT-H1-COACT-000030,washer+dishwasher,context_after,4404651,2014-11-24 05:19:16,1416806356,2458,0,36,2193,0
REFIT-H1-COACT-000031,washer+dishwasher,context_after,4404651,2014-11-24 05:19:16,1416806356,2458,0,36,2193,0
REFIT-H1-COACT-000032,washer+dishwasher,context_before,4404651,2014-11-24 05:19:16,1416806356,2458,0,36,2193,0
REFIT-H1-COACT-000033,washer+dishwasher,context_before,4404651,2014-11-24 05:19:16,1416806356,2458,0,36,2193,0
REFIT-H1-COACT-000029,washer+dishwasher,context_after,4404652,2014-11-24 05:19:23,1416806363,2500,0,27,2248,0
REFIT-H1-COACT-000030,washer+dishwasher,context_after,4404652,2014-11-24 05:19:23,1416806363,2500,0,27,2248,0
REFIT-H1-COACT-000031,washer+dishwasher,context_after,4404652,2014-11-24 05:19:23,1416806363,2500,0,27,2248,0
REFIT-H1-COACT-000032,washer+dishwasher,context_before,4404652,2014-11-24 05:19:23,1416806363,2500,0,27,2248,0
REFIT-H1-COACT-000033,washer+dishwasher,context_before,4404652,2014-11-24 05:19:23,1416806363,2500,0,27,2248,0
REFIT-H1-COACT-000029,washer+dishwasher,context_after,4404653,2014-11-24 05:19:30,1416806370,2694,0,130,2224,0
REFIT-H1-COACT-000030,washer+dishwasher,context_after,4404653,2014-11-24 05:19:30,1416806370,2694,0,130,2224,0
REFIT-H1-COACT-000031,washer+dishwasher,context_after,4404653,2014-11-24 05:19:30,1416806370,2694,0,130,2224,0
REFIT-H1-COACT-000032,washer+dishwasher,candidate_window,4404653,2014-11-24 05:19:30,1416806370,2694,0,130,2224,0
REFIT-H1-COACT-000033,washer+dishwasher,context_before,4404653,2014-11-24 05:19:30,1416806370,2694,0,130,2224,0
REFIT-H1-COACT-000029,washer+dishwasher,context_after,4404654,2014-11-24 05:19:36,1416806376,2541,0,81,2232,0
REFIT-H1-COACT-000030,washer+dishwasher,context_after,4404654,2014-11-24 05:19:36,1416806376,2541,0,81,2232,0
REFIT-H1-COACT-000031,washer+dishwasher,context_after,4404654,2014-11-24 05:19:36,1416806376,2541,0,81,2232,0
REFIT-H1-COACT-000032,washer+dishwasher,context_after,4404654,2014-11-24 05:19:36,1416806376,2541,0,81,2232,0
REFIT-H1-COACT-000033,washer+dishwasher,context_before,4404654,2014-11-24 05:19:36,1416806376,2541,0,81,2232,0
REFIT-H1-COACT-000029,washer+dishwasher,context_after,4404655,2014-11-24 05:19:43,1416806383,2528,0,70,2220,0
REFIT-H1-COACT-000030,washer+dishwasher,context_after,4404655,2014-11-24 05:19:43,1416806383,2528,0,70,2220,0
REFIT-H1-COACT-000031,washer+dishwasher,context_after,4404655,2014-11-24 05:19:43,1416806383,2528,0,70,2220,0
REFIT-H1-COACT-000032,washer+dishwasher,context_after,4404655,2014-11-24 05:19:43,1416806383,2528,0,70,2220,0
REFIT-H1-COACT-000033,washer+dishwasher,context_before,4404655,2014-11-24 05:19:43,1416806383,2528,0,70,2220,0
REFIT-H1-COACT-000034,washer+dishwasher,context_before,4404655,2014-11-24 05:19:43,1416806383,2528,0,70,2220,0
REFIT-H1-COACT-000029,washer+dishwasher,context_after,4404656,2014-11-24 05:19:50,1416806390,2532,0,69,2236,0
REFIT-H1-COACT-000030,washer+dishwasher,context_after,4404656,2014-11-24 05:19:50,1416806390,2532,0,69,2236,0
REFIT-H1-COACT-000031,washer+dishwasher,context_after,4404656,2014-11-24 05:19:50,1416806390,2532,0,69,2236,0
REFIT-H1-COACT-000032,washer+dishwasher,context_after,4404656,2014-11-24 05:19:50,1416806390,2532,0,69,2236,0
REFIT-H1-COACT-000033,washer+dishwasher,context_before,4404656,2014-11-24 05:19:50,1416806390,2532,0,69,2236,0
REFIT-H1-COACT-000034,washer+dishwasher,context_before,4404656,2014-11-24 05:19:50,1416806390,2532,0,69,2236,0
REFIT-H1-COACT-000029,washer+dishwasher,context_after,4404657,2014-11-24 05:19:57,1416806397,2540,0,72,2224,0
REFIT-H1-COACT-000030,washer+dishwasher,context_after,4404657,2014-11-24 05:19:57,1416806397,2540,0,72,2224,0
REFIT-H1-COACT-000031,washer+dishwasher,context_after,4404657,2014-11-24 05:19:57,1416806397,2540,0,72,2224,0
REFIT-H1-COACT-000032,washer+dishwasher,context_after,4404657,2014-11-24 05:19:57,1416806397,2540,0,72,2224,0
REFIT-H1-COACT-000033,washer+dishwasher,context_before,4404657,2014-11-24 05:19:57,1416806397,2540,0,72,2224,0
REFIT-H1-COACT-000034,washer+dishwasher,context_before,4404657,2014-11-24 05:19:57,1416806397,2540,0,72,2224,0
REFIT-H1-COACT-000035,washer+dishwasher,context_before,4404657,2014-11-24 05:19:57,1416806397,2540,0,72,2224,0
REFIT-H1-COACT-000029,washer+dishwasher,context_after,4404658,2014-11-24 05:20:03,1416806403,2630,0,72,2220,0
REFIT-H1-COACT-000030,washer+dishwasher,context_after,4404658,2014-11-24 05:20:03,1416806403,2630,0,72,2220,0
REFIT-H1-COACT-000031,washer+dishwasher,context_after,4404658,2014-11-24 05:20:03,1416806403,2630,0,72,2220,0
REFIT-H1-COACT-000032,washer+dishwasher,context_after,4404658,2014-11-24 05:20:03,1416806403,2630,0,72,2220,0
REFIT-H1-COACT-000033,washer+dishwasher,context_before,4404658,2014-11-24 05:20:03,1416806403,2630,0,72,2220,0
REFIT-H1-COACT-000034,washer+dishwasher,context_before,4404658,2014-11-24 05:20:03,1416806403,2630,0,72,2220,0
REFIT-H1-COACT-000035,washer+dishwasher,context_before,4404658,2014-11-24 05:20:03,1416806403,2630,0,72,2220,0
REFIT-H1-COACT-000029,washer+dishwasher,context_after,4404659,2014-11-24 05:20:10,1416806410,2614,0,139,2212,0
REFIT-H1-COACT-000030,washer+dishwasher,context_after,4404659,2014-11-24 05:20:10,1416806410,2614,0,139,2212,0
REFIT-H1-COACT-000031,washer+dishwasher,context_after,4404659,2014-11-24 05:20:10,1416806410,2614,0,139,2212,0
REFIT-H1-COACT-000032,washer+dishwasher,context_after,4404659,2014-11-24 05:20:10,1416806410,2614,0,139,2212,0
REFIT-H1-COACT-000033,washer+dishwasher,candidate_window,4404659,2014-11-24 05:20:10,1416806410,2614,0,139,2212,0
REFIT-H1-COACT-000034,washer+dishwasher,context_before,4404659,2014-11-24 05:20:10,1416806410,2614,0,139,2212,0
REFIT-H1-COACT-000035,washer+dishwasher,context_before,4404659,2014-11-24 05:20:10,1416806410,2614,0,139,2212,0
REFIT-H1-COACT-000029,washer+dishwasher,context_after,4404660,2014-11-24 05:20:17,1416806417,2663,0,193,2252,0
REFIT-H1-COACT-000030,washer+dishwasher,context_after,4404660,2014-11-24 05:20:17,1416806417,2663,0,193,2252,0
REFIT-H1-COACT-000031,washer+dishwasher,context_after,4404660,2014-11-24 05:20:17,1416806417,2663,0,193,2252,0
REFIT-H1-COACT-000032,washer+dishwasher,context_after,4404660,2014-11-24 05:20:17,1416806417,2663,0,193,2252,0
REFIT-H1-COACT-000033,washer+dishwasher,candidate_window,4404660,2014-11-24 05:20:17,1416806417,2663,0,193,2252,0
REFIT-H1-COACT-000034,washer+dishwasher,context_before,4404660,2014-11-24 05:20:17,1416806417,2663,0,193,2252,0
REFIT-H1-COACT-000035,washer+dishwasher,context_before,4404660,2014-11-24 05:20:17,1416806417,2663,0,193,2252,0
REFIT-H1-COACT-000029,washer+dishwasher,context_after,4404661,2014-11-24 05:20:23,1416806423,2625,0,256,2240,0
REFIT-H1-COACT-000030,washer+dishwasher,context_after,4404661,2014-11-24 05:20:23,1416806423,2625,0,256,2240,0
REFIT-H1-COACT-000031,washer+dishwasher,context_after,4404661,2014-11-24 05:20:23,1416806423,2625,0,256,2240,0
REFIT-H1-COACT-000032,washer+dishwasher,context_after,4404661,2014-11-24 05:20:23,1416806423,2625,0,256,2240,0
REFIT-H1-COACT-000033,washer+dishwasher,candidate_window,4404661,2014-11-24 05:20:23,1416806423,2625,0,256,2240,0
REFIT-H1-COACT-000034,washer+dishwasher,context_before,4404661,2014-11-24 05:20:23,1416806423,2625,0,256,2240,0
REFIT-H1-COACT-000035,washer+dishwasher,context_before,4404661,2014-11-24 05:20:23,1416806423,2625,0,256,2240,0
REFIT-H1-COACT-000036,washer+dishwasher,context_before,4404661,2014-11-24 05:20:23,1416806423,2625,0,256,2240,0
REFIT-H1-COACT-000029,washer+dishwasher,context_after,4404662,2014-11-24 05:20:30,1416806430,2587,0,284,2208,0
REFIT-H1-COACT-000030,washer+dishwasher,context_after,4404662,2014-11-24 05:20:30,1416806430,2587,0,284,2208,0
REFIT-H1-COACT-000031,washer+dishwasher,context_after,4404662,2014-11-24 05:20:30,1416806430,2587,0,284,2208,0
REFIT-H1-COACT-000032,washer+dishwasher,context_after,4404662,2014-11-24 05:20:30,1416806430,2587,0,284,2208,0
REFIT-H1-COACT-000033,washer+dishwasher,candidate_window,4404662,2014-11-24 05:20:30,1416806430,2587,0,284,2208,0
REFIT-H1-COACT-000034,washer+dishwasher,context_before,4404662,2014-11-24 05:20:30,1416806430,2587,0,284,2208,0
REFIT-H1-COACT-000035,washer+dishwasher,context_before,4404662,2014-11-24 05:20:30,1416806430,2587,0,284,2208,0
REFIT-H1-COACT-000036,washer+dishwasher,context_before,4404662,2014-11-24 05:20:30,1416806430,2587,0,284,2208,0
REFIT-H1-COACT-000029,washer+dishwasher,context_after,4404663,2014-11-24 05:20:37,1416806437,2610,0,231,2208,0
REFIT-H1-COACT-000030,washer+dishwasher,context_after,4404663,2014-11-24 05:20:37,1416806437,2610,0,231,2208,0
REFIT-H1-COACT-000031,washer+dishwasher,context_after,4404663,2014-11-24 05:20:37,1416806437,2610,0,231,2208,0
REFIT-H1-COACT-000032,washer+dishwasher,context_after,4404663,2014-11-24 05:20:37,1416806437,2610,0,231,2208,0
REFIT-H1-COACT-000033,washer+dishwasher,candidate_window,4404663,2014-11-24 05:20:37,1416806437,2610,0,231,2208,0
REFIT-H1-COACT-000034,washer+dishwasher,context_before,4404663,2014-11-24 05:20:37,1416806437,2610,0,231,2208,0
REFIT-H1-COACT-000035,washer+dishwasher,context_before,4404663,2014-11-24 05:20:37,1416806437,2610,0,231,2208,0
REFIT-H1-COACT-000036,washer+dishwasher,context_before,4404663,2014-11-24 05:20:37,1416806437,2610,0,231,2208,0
REFIT-H1-COACT-000037,washer+dishwasher,context_before,4404663,2014-11-24 05:20:37,1416806437,2610,0,231,2208,0
REFIT-H1-COACT-000029,washer+dishwasher,context_after,4404664,2014-11-24 05:20:43,1416806443,2610,0,198,2208,0
REFIT-H1-COACT-000030,washer+dishwasher,context_after,4404664,2014-11-24 05:20:43,1416806443,2610,0,198,2208,0
REFIT-H1-COACT-000031,washer+dishwasher,context_after,4404664,2014-11-24 05:20:43,1416806443,2610,0,198,2208,0
REFIT-H1-COACT-000032,washer+dishwasher,context_after,4404664,2014-11-24 05:20:43,1416806443,2610,0,198,2208,0
REFIT-H1-COACT-000033,washer+dishwasher,candidate_window,4404664,2014-11-24 05:20:43,1416806443,2610,0,198,2208,0
REFIT-H1-COACT-000034,washer+dishwasher,context_before,4404664,2014-11-24 05:20:43,1416806443,2610,0,198,2208,0
REFIT-H1-COACT-000035,washer+dishwasher,context_before,4404664,2014-11-24 05:20:43,1416806443,2610,0,198,2208,0
REFIT-H1-COACT-000036,washer+dishwasher,context_before,4404664,2014-11-24 05:20:43,1416806443,2610,0,198,2208,0
REFIT-H1-COACT-000037,washer+dishwasher,context_before,4404664,2014-11-24 05:20:43,1416806443,2610,0,198,2208,0
REFIT-H1-COACT-000029,washer+dishwasher,context_after,4404665,2014-11-24 05:20:50,1416806450,2610,0,207,2240,0
REFIT-H1-COACT-000030,washer+dishwasher,context_after,4404665,2014-11-24 05:20:50,1416806450,2610,0,207,2240,0
REFIT-H1-COACT-000031,washer+dishwasher,context_after,4404665,2014-11-24 05:20:50,1416806450,2610,0,207,2240,0
REFIT-H1-COACT-000032,washer+dishwasher,context_after,4404665,2014-11-24 05:20:50,1416806450,2610,0,207,2240,0
REFIT-H1-COACT-000033,washer+dishwasher,candidate_window,4404665,2014-11-24 05:20:50,1416806450,2610,0,207,2240,0
REFIT-H1-COACT-000034,washer+dishwasher,context_before,4404665,2014-11-24 05:20:50,1416806450,2610,0,207,2240,0
REFIT-H1-COACT-000035,washer+dishwasher,context_before,4404665,2014-11-24 05:20:50,1416806450,2610,0,207,2240,0
REFIT-H1-COACT-000036,washer+dishwasher,context_before,4404665,2014-11-24 05:20:50,1416806450,2610,0,207,2240,0
REFIT-H1-COACT-000037,washer+dishwasher,context_before,4404665,2014-11-24 05:20:50,1416806450,2610,0,207,2240,0
REFIT-H1-COACT-000030,washer+dishwasher,context_after,4404666,2014-11-24 05:20:57,1416806457,2509,0,207,2201,1
REFIT-H1-COACT-000031,washer+dishwasher,context_after,4404666,2014-11-24 05:20:57,1416806457,2509,0,207,2201,1
REFIT-H1-COACT-000032,washer+dishwasher,context_after,4404666,2014-11-24 05:20:57,1416806457,2509,0,207,2201,1
REFIT-H1-COACT-000033,washer+dishwasher,context_after,4404666,2014-11-24 05:20:57,1416806457,2509,0,207,2201,1
REFIT-H1-COACT-000034,washer+dishwasher,context_before,4404666,2014-11-24 05:20:57,1416806457,2509,0,207,2201,1
REFIT-H1-COACT-000035,washer+dishwasher,context_before,4404666,2014-11-24 05:20:57,1416806457,2509,0,207,2201,1
REFIT-H1-COACT-000036,washer+dishwasher,context_before,4404666,2014-11-24 05:20:57,1416806457,2509,0,207,2201,1
REFIT-H1-COACT-000037,washer+dishwasher,context_before,4404666,2014-11-24 05:20:57,1416806457,2509,0,207,2201,1
REFIT-H1-COACT-000030,washer+dishwasher,context_after,4404667,2014-11-24 05:21:03,1416806463,2515,0,29,2244,0
REFIT-H1-COACT-000031,washer+dishwasher,context_after,4404667,2014-11-24 05:21:03,1416806463,2515,0,29,2244,0
REFIT-H1-COACT-000032,washer+dishwasher,context_after,4404667,2014-11-24 05:21:03,1416806463,2515,0,29,2244,0
REFIT-H1-COACT-000033,washer+dishwasher,context_after,4404667,2014-11-24 05:21:03,1416806463,2515,0,29,2244,0
REFIT-H1-COACT-000034,washer+dishwasher,context_before,4404667,2014-11-24 05:21:03,1416806463,2515,0,29,2244,0
REFIT-H1-COACT-000035,washer+dishwasher,context_before,4404667,2014-11-24 05:21:03,1416806463,2515,0,29,2244,0
REFIT-H1-COACT-000036,washer+dishwasher,context_before,4404667,2014-11-24 05:21:03,1416806463,2515,0,29,2244,0
REFIT-H1-COACT-000037,washer+dishwasher,context_before,4404667,2014-11-24 05:21:03,1416806463,2515,0,29,2244,0
REFIT-H1-COACT-000030,washer+dishwasher,context_after,4404668,2014-11-24 05:21:10,1416806470,2521,0,15,2240,0
REFIT-H1-COACT-000031,washer+dishwasher,context_after,4404668,2014-11-24 05:21:10,1416806470,2521,0,15,2240,0
REFIT-H1-COACT-000032,washer+dishwasher,context_after,4404668,2014-11-24 05:21:10,1416806470,2521,0,15,2240,0
REFIT-H1-COACT-000033,washer+dishwasher,context_after,4404668,2014-11-24 05:21:10,1416806470,2521,0,15,2240,0
REFIT-H1-COACT-000034,washer+dishwasher,context_before,4404668,2014-11-24 05:21:10,1416806470,2521,0,15,2240,0
REFIT-H1-COACT-000035,washer+dishwasher,context_before,4404668,2014-11-24 05:21:10,1416806470,2521,0,15,2240,0
REFIT-H1-COACT-000036,washer+dishwasher,context_before,4404668,2014-11-24 05:21:10,1416806470,2521,0,15,2240,0
REFIT-H1-COACT-000037,washer+dishwasher,context_before,4404668,2014-11-24 05:21:10,1416806470,2521,0,15,2240,0
REFIT-H1-COACT-000031,washer+dishwasher,context_after,4404669,2014-11-24 05:21:17,1416806477,2501,0,15,2151,0
REFIT-H1-COACT-000032,washer+dishwasher,context_after,4404669,2014-11-24 05:21:17,1416806477,2501,0,15,2151,0
REFIT-H1-COACT-000033,washer+dishwasher,context_after,4404669,2014-11-24 05:21:17,1416806477,2501,0,15,2151,0
REFIT-H1-COACT-000034,washer+dishwasher,context_before,4404669,2014-11-24 05:21:17,1416806477,2501,0,15,2151,0
REFIT-H1-COACT-000035,washer+dishwasher,context_before,4404669,2014-11-24 05:21:17,1416806477,2501,0,15,2151,0
REFIT-H1-COACT-000036,washer+dishwasher,context_before,4404669,2014-11-24 05:21:17,1416806477,2501,0,15,2151,0
REFIT-H1-COACT-000037,washer+dishwasher,context_before,4404669,2014-11-24 05:21:17,1416806477,2501,0,15,2151,0
REFIT-H1-COACT-000031,washer+dishwasher,context_after,4404670,2014-11-24 05:21:24,1416806484,2473,0,15,2208,0
REFIT-H1-COACT-000032,washer+dishwasher,context_after,4404670,2014-11-24 05:21:24,1416806484,2473,0,15,2208,0
REFIT-H1-COACT-000033,washer+dishwasher,context_after,4404670,2014-11-24 05:21:24,1416806484,2473,0,15,2208,0
REFIT-H1-COACT-000034,washer+dishwasher,context_before,4404670,2014-11-24 05:21:24,1416806484,2473,0,15,2208,0
REFIT-H1-COACT-000035,washer+dishwasher,context_before,4404670,2014-11-24 05:21:24,1416806484,2473,0,15,2208,0
REFIT-H1-COACT-000036,washer+dishwasher,context_before,4404670,2014-11-24 05:21:24,1416806484,2473,0,15,2208,0
REFIT-H1-COACT-000037,washer+dishwasher,context_before,4404670,2014-11-24 05:21:24,1416806484,2473,0,15,2208,0
REFIT-H1-COACT-000031,washer+dishwasher,context_after,4404671,2014-11-24 05:21:31,1416806491,2471,0,15,2248,0
REFIT-H1-COACT-000032,washer+dishwasher,context_after,4404671,2014-11-24 05:21:31,1416806491,2471,0,15,2248,0
REFIT-H1-COACT-000033,washer+dishwasher,context_after,4404671,2014-11-24 05:21:31,1416806491,2471,0,15,2248,0
REFIT-H1-COACT-000034,washer+dishwasher,context_before,4404671,2014-11-24 05:21:31,1416806491,2471,0,15,2248,0
REFIT-H1-COACT-000035,washer+dishwasher,context_before,4404671,2014-11-24 05:21:31,1416806491,2471,0,15,2248,0
REFIT-H1-COACT-000036,washer+dishwasher,context_before,4404671,2014-11-24 05:21:31,1416806491,2471,0,15,2248,0
REFIT-H1-COACT-000037,washer+dishwasher,context_before,4404671,2014-11-24 05:21:31,1416806491,2471,0,15,2248,0
REFIT-H1-COACT-000031,washer+dishwasher,context_after,4404672,2014-11-24 05:21:37,1416806497,2469,0,15,2256,0
REFIT-H1-COACT-000032,washer+dishwasher,context_after,4404672,2014-11-24 05:21:37,1416806497,2469,0,15,2256,0
REFIT-H1-COACT-000033,washer+dishwasher,context_after,4404672,2014-11-24 05:21:37,1416806497,2469,0,15,2256,0
REFIT-H1-COACT-000034,washer+dishwasher,context_before,4404672,2014-11-24 05:21:37,1416806497,2469,0,15,2256,0
REFIT-H1-COACT-000035,washer+dishwasher,context_before,4404672,2014-11-24 05:21:37,1416806497,2469,0,15,2256,0
REFIT-H1-COACT-000036,washer+dishwasher,context_before,4404672,2014-11-24 05:21:37,1416806497,2469,0,15,2256,0
REFIT-H1-COACT-000037,washer+dishwasher,context_before,4404672,2014-11-24 05:21:37,1416806497,2469,0,15,2256,0
REFIT-H1-COACT-000031,washer+dishwasher,context_after,4404673,2014-11-24 05:21:44,1416806504,2469,0,15,2248,0
REFIT-H1-COACT-000032,washer+dishwasher,context_after,4404673,2014-11-24 05:21:44,1416806504,2469,0,15,2248,0
REFIT-H1-COACT-000033,washer+dishwasher,context_after,4404673,2014-11-24 05:21:44,1416806504,2469,0,15,2248,0
REFIT-H1-COACT-000034,washer+dishwasher,context_before,4404673,2014-11-24 05:21:44,1416806504,2469,0,15,2248,0
REFIT-H1-COACT-000035,washer+dishwasher,context_before,4404673,2014-11-24 05:21:44,1416806504,2469,0,15,2248,0
REFIT-H1-COACT-000036,washer+dishwasher,context_before,4404673,2014-11-24 05:21:44,1416806504,2469,0,15,2248,0
REFIT-H1-COACT-000037,washer+dishwasher,context_before,4404673,2014-11-24 05:21:44,1416806504,2469,0,15,2248,0
REFIT-H1-COACT-000031,washer+dishwasher,context_after,4404674,2014-11-24 05:21:51,1416806511,2469,0,15,2236,0
REFIT-H1-COACT-000032,washer+dishwasher,context_after,4404674,2014-11-24 05:21:51,1416806511,2469,0,15,2236,0
REFIT-H1-COACT-000033,washer+dishwasher,context_after,4404674,2014-11-24 05:21:51,1416806511,2469,0,15,2236,0
REFIT-H1-COACT-000034,washer+dishwasher,context_before,4404674,2014-11-24 05:21:51,1416806511,2469,0,15,2236,0
REFIT-H1-COACT-000035,washer+dishwasher,context_before,4404674,2014-11-24 05:21:51,1416806511,2469,0,15,2236,0
REFIT-H1-COACT-000036,washer+dishwasher,context_before,4404674,2014-11-24 05:21:51,1416806511,2469,0,15,2236,0
REFIT-H1-COACT-000037,washer+dishwasher,context_before,4404674,2014-11-24 05:21:51,1416806511,2469,0,15,2236,0
REFIT-H1-COACT-000031,washer+dishwasher,context_after,4404675,2014-11-24 05:21:58,1416806518,2469,0,15,2248,0
REFIT-H1-COACT-000032,washer+dishwasher,context_after,4404675,2014-11-24 05:21:58,1416806518,2469,0,15,2248,0
REFIT-H1-COACT-000033,washer+dishwasher,context_after,4404675,2014-11-24 05:21:58,1416806518,2469,0,15,2248,0
REFIT-H1-COACT-000034,washer+dishwasher,context_before,4404675,2014-11-24 05:21:58,1416806518,2469,0,15,2248,0
REFIT-H1-COACT-000035,washer+dishwasher,context_before,4404675,2014-11-24 05:21:58,1416806518,2469,0,15,2248,0
REFIT-H1-COACT-000036,washer+dishwasher,context_before,4404675,2014-11-24 05:21:58,1416806518,2469,0,15,2248,0
REFIT-H1-COACT-000037,washer+dishwasher,context_before,4404675,2014-11-24 05:21:58,1416806518,2469,0,15,2248,0
REFIT-H1-COACT-000031,washer+dishwasher,context_after,4404676,2014-11-24 05:22:04,1416806524,2463,0,15,2248,0
REFIT-H1-COACT-000032,washer+dishwasher,context_after,4404676,2014-11-24 05:22:04,1416806524,2463,0,15,2248,0
REFIT-H1-COACT-000033,washer+dishwasher,context_after,4404676,2014-11-24 05:22:04,1416806524,2463,0,15,2248,0
REFIT-H1-COACT-000034,washer+dishwasher,context_before,4404676,2014-11-24 05:22:04,1416806524,2463,0,15,2248,0
REFIT-H1-COACT-000035,washer+dishwasher,context_before,4404676,2014-11-24 05:22:04,1416806524,2463,0,15,2248,0
REFIT-H1-COACT-000036,washer+dishwasher,context_before,4404676,2014-11-24 05:22:04,1416806524,2463,0,15,2248,0
REFIT-H1-COACT-000037,washer+dishwasher,context_before,4404676,2014-11-24 05:22:04,1416806524,2463,0,15,2248,0
REFIT-H1-COACT-000032,washer+dishwasher,context_after,4404677,2014-11-24 05:22:11,1416806531,2470,0,15,2248,0
REFIT-H1-COACT-000033,washer+dishwasher,context_after,4404677,2014-11-24 05:22:11,1416806531,2470,0,15,2248,0
REFIT-H1-COACT-000034,washer+dishwasher,context_before,4404677,2014-11-24 05:22:11,1416806531,2470,0,15,2248,0
REFIT-H1-COACT-000035,washer+dishwasher,context_before,4404677,2014-11-24 05:22:11,1416806531,2470,0,15,2248,0
REFIT-H1-COACT-000036,washer+dishwasher,context_before,4404677,2014-11-24 05:22:11,1416806531,2470,0,15,2248,0
REFIT-H1-COACT-000037,washer+dishwasher,context_before,4404677,2014-11-24 05:22:11,1416806531,2470,0,15,2248,0
REFIT-H1-COACT-000032,washer+dishwasher,context_after,4404678,2014-11-24 05:22:18,1416806538,2465,0,15,2240,0
REFIT-H1-COACT-000033,washer+dishwasher,context_after,4404678,2014-11-24 05:22:18,1416806538,2465,0,15,2240,0
REFIT-H1-COACT-000034,washer+dishwasher,context_before,4404678,2014-11-24 05:22:18,1416806538,2465,0,15,2240,0
REFIT-H1-COACT-000035,washer+dishwasher,context_before,4404678,2014-11-24 05:22:18,1416806538,2465,0,15,2240,0
REFIT-H1-COACT-000036,washer+dishwasher,context_before,4404678,2014-11-24 05:22:18,1416806538,2465,0,15,2240,0
REFIT-H1-COACT-000037,washer+dishwasher,context_before,4404678,2014-11-24 05:22:18,1416806538,2465,0,15,2240,0
REFIT-H1-COACT-000032,washer+dishwasher,context_after,4404679,2014-11-24 05:22:25,1416806545,2464,0,15,2220,0
REFIT-H1-COACT-000033,washer+dishwasher,context_after,4404679,2014-11-24 05:22:25,1416806545,2464,0,15,2220,0
REFIT-H1-COACT-000034,washer+dishwasher,context_before,4404679,2014-11-24 05:22:25,1416806545,2464,0,15,2220,0
REFIT-H1-COACT-000035,washer+dishwasher,context_before,4404679,2014-11-24 05:22:25,1416806545,2464,0,15,2220,0
REFIT-H1-COACT-000036,washer+dishwasher,context_before,4404679,2014-11-24 05:22:25,1416806545,2464,0,15,2220,0
REFIT-H1-COACT-000037,washer+dishwasher,context_before,4404679,2014-11-24 05:22:25,1416806545,2464,0,15,2220,0
REFIT-H1-COACT-000032,washer+dishwasher,context_after,4404680,2014-11-24 05:22:31,1416806551,2464,0,15,2220,0
REFIT-H1-COACT-000033,washer+dishwasher,context_after,4404680,2014-11-24 05:22:31,1416806551,2464,0,15,2220,0
REFIT-H1-COACT-000034,washer+dishwasher,context_before,4404680,2014-11-24 05:22:31,1416806551,2464,0,15,2220,0
REFIT-H1-COACT-000035,washer+dishwasher,context_before,4404680,2014-11-24 05:22:31,1416806551,2464,0,15,2220,0
REFIT-H1-COACT-000036,washer+dishwasher,context_before,4404680,2014-11-24 05:22:31,1416806551,2464,0,15,2220,0
REFIT-H1-COACT-000037,washer+dishwasher,context_before,4404680,2014-11-24 05:22:31,1416806551,2464,0,15,2220,0
REFIT-H1-COACT-000032,washer+dishwasher,context_after,4404681,2014-11-24 05:22:38,1416806558,2521,0,15,2216,0
REFIT-H1-COACT-000033,washer+dishwasher,context_after,4404681,2014-11-24 05:22:38,1416806558,2521,0,15,2216,0
REFIT-H1-COACT-000034,washer+dishwasher,context_before,4404681,2014-11-24 05:22:38,1416806558,2521,0,15,2216,0
REFIT-H1-COACT-000035,washer+dishwasher,context_before,4404681,2014-11-24 05:22:38,1416806558,2521,0,15,2216,0
REFIT-H1-COACT-000036,washer+dishwasher,context_before,4404681,2014-11-24 05:22:38,1416806558,2521,0,15,2216,0
REFIT-H1-COACT-000037,washer+dishwasher,context_before,4404681,2014-11-24 05:22:38,1416806558,2521,0,15,2216,0
REFIT-H1-COACT-000032,washer+dishwasher,context_after,4404682,2014-11-24 05:22:45,1416806565,2493,0,15,2197,0
REFIT-H1-COACT-000033,washer+dishwasher,context_after,4404682,2014-11-24 05:22:45,1416806565,2493,0,15,2197,0
REFIT-H1-COACT-000034,washer+dishwasher,context_before,4404682,2014-11-24 05:22:45,1416806565,2493,0,15,2197,0
REFIT-H1-COACT-000035,washer+dishwasher,context_before,4404682,2014-11-24 05:22:45,1416806565,2493,0,15,2197,0
REFIT-H1-COACT-000036,washer+dishwasher,context_before,4404682,2014-11-24 05:22:45,1416806565,2493,0,15,2197,0
REFIT-H1-COACT-000037,washer+dishwasher,context_before,4404682,2014-11-24 05:22:45,1416806565,2493,0,15,2197,0
REFIT-H1-COACT-000032,washer+dishwasher,context_after,4404683,2014-11-24 05:22:52,1416806572,2452,0,15,2232,0
REFIT-H1-COACT-000033,washer+dishwasher,context_after,4404683,2014-11-24 05:22:52,1416806572,2452,0,15,2232,0
REFIT-H1-COACT-000034,washer+dishwasher,context_before,4404683,2014-11-24 05:22:52,1416806572,2452,0,15,2232,0
REFIT-H1-COACT-000035,washer+dishwasher,context_before,4404683,2014-11-24 05:22:52,1416806572,2452,0,15,2232,0
REFIT-H1-COACT-000036,washer+dishwasher,context_before,4404683,2014-11-24 05:22:52,1416806572,2452,0,15,2232,0
REFIT-H1-COACT-000037,washer+dishwasher,context_before,4404683,2014-11-24 05:22:52,1416806572,2452,0,15,2232,0
REFIT-H1-COACT-000033,washer+dishwasher,context_after,4404684,2014-11-24 05:22:58,1416806578,2667,0,15,2178,0
REFIT-H1-COACT-000034,washer+dishwasher,context_before,4404684,2014-11-24 05:22:58,1416806578,2667,0,15,2178,0
REFIT-H1-COACT-000035,washer+dishwasher,context_before,4404684,2014-11-24 05:22:58,1416806578,2667,0,15,2178,0
REFIT-H1-COACT-000036,washer+dishwasher,context_before,4404684,2014-11-24 05:22:58,1416806578,2667,0,15,2178,0
REFIT-H1-COACT-000037,washer+dishwasher,context_before,4404684,2014-11-24 05:22:58,1416806578,2667,0,15,2178,0
REFIT-H1-COACT-000033,washer+dishwasher,context_after,4404685,2014-11-24 05:23:05,1416806585,2712,0,176,2208,0
REFIT-H1-COACT-000034,washer+dishwasher,candidate_window,4404685,2014-11-24 05:23:05,1416806585,2712,0,176,2208,0
REFIT-H1-COACT-000035,washer+dishwasher,context_before,4404685,2014-11-24 05:23:05,1416806585,2712,0,176,2208,0
REFIT-H1-COACT-000036,washer+dishwasher,context_before,4404685,2014-11-24 05:23:05,1416806585,2712,0,176,2208,0
REFIT-H1-COACT-000037,washer+dishwasher,context_before,4404685,2014-11-24 05:23:05,1416806585,2712,0,176,2208,0
REFIT-H1-COACT-000033,washer+dishwasher,context_after,4404686,2014-11-24 05:23:12,1416806592,2458,0,3,2224,0
REFIT-H1-COACT-000034,washer+dishwasher,context_after,4404686,2014-11-24 05:23:12,1416806592,2458,0,3,2224,0
REFIT-H1-COACT-000035,washer+dishwasher,context_before,4404686,2014-11-24 05:23:12,1416806592,2458,0,3,2224,0
REFIT-H1-COACT-000036,washer+dishwasher,context_before,4404686,2014-11-24 05:23:12,1416806592,2458,0,3,2224,0
REFIT-H1-COACT-000037,washer+dishwasher,context_before,4404686,2014-11-24 05:23:12,1416806592,2458,0,3,2224,0
REFIT-H1-COACT-000033,washer+dishwasher,context_after,4404687,2014-11-24 05:23:19,1416806599,2736,0,239,2216,0
REFIT-H1-COACT-000034,washer+dishwasher,context_after,4404687,2014-11-24 05:23:19,1416806599,2736,0,239,2216,0
REFIT-H1-COACT-000035,washer+dishwasher,candidate_window,4404687,2014-11-24 05:23:19,1416806599,2736,0,239,2216,0
REFIT-H1-COACT-000036,washer+dishwasher,context_before,4404687,2014-11-24 05:23:19,1416806599,2736,0,239,2216,0
REFIT-H1-COACT-000037,washer+dishwasher,context_before,4404687,2014-11-24 05:23:19,1416806599,2736,0,239,2216,0
REFIT-H1-COACT-000033,washer+dishwasher,context_after,4404688,2014-11-24 05:23:25,1416806605,2667,0,239,2216,0
REFIT-H1-COACT-000034,washer+dishwasher,context_after,4404688,2014-11-24 05:23:25,1416806605,2667,0,239,2216,0
REFIT-H1-COACT-000035,washer+dishwasher,candidate_window,4404688,2014-11-24 05:23:25,1416806605,2667,0,239,2216,0
REFIT-H1-COACT-000036,washer+dishwasher,context_before,4404688,2014-11-24 05:23:25,1416806605,2667,0,239,2216,0
REFIT-H1-COACT-000037,washer+dishwasher,context_before,4404688,2014-11-24 05:23:25,1416806605,2667,0,239,2216,0
REFIT-H1-COACT-000033,washer+dishwasher,context_after,4404689,2014-11-24 05:23:32,1416806612,2449,0,18,2216,0
REFIT-H1-COACT-000034,washer+dishwasher,context_after,4404689,2014-11-24 05:23:32,1416806612,2449,0,18,2216,0
REFIT-H1-COACT-000035,washer+dishwasher,context_after,4404689,2014-11-24 05:23:32,1416806612,2449,0,18,2216,0
REFIT-H1-COACT-000036,washer+dishwasher,context_before,4404689,2014-11-24 05:23:32,1416806612,2449,0,18,2216,0
REFIT-H1-COACT-000037,washer+dishwasher,context_before,4404689,2014-11-24 05:23:32,1416806612,2449,0,18,2216,0
REFIT-H1-COACT-000033,washer+dishwasher,context_after,4404690,2014-11-24 05:23:39,1416806619,3371,0,30,2216,0
REFIT-H1-COACT-000034,washer+dishwasher,context_after,4404690,2014-11-24 05:23:39,1416806619,3371,0,30,2216,0
REFIT-H1-COACT-000035,washer+dishwasher,context_after,4404690,2014-11-24 05:23:39,1416806619,3371,0,30,2216,0
REFIT-H1-COACT-000036,washer+dishwasher,context_before,4404690,2014-11-24 05:23:39,1416806619,3371,0,30,2216,0
REFIT-H1-COACT-000037,washer+dishwasher,context_before,4404690,2014-11-24 05:23:39,1416806619,3371,0,30,2216,0
REFIT-H1-COACT-000033,washer+dishwasher,context_after,4404691,2014-11-24 05:23:45,1416806625,2650,0,200,2228,0
REFIT-H1-COACT-000034,washer+dishwasher,context_after,4404691,2014-11-24 05:23:45,1416806625,2650,0,200,2228,0
REFIT-H1-COACT-000035,washer+dishwasher,context_after,4404691,2014-11-24 05:23:45,1416806625,2650,0,200,2228,0
REFIT-H1-COACT-000036,washer+dishwasher,candidate_window,4404691,2014-11-24 05:23:45,1416806625,2650,0,200,2228,0
REFIT-H1-COACT-000037,washer+dishwasher,context_before,4404691,2014-11-24 05:23:45,1416806625,2650,0,200,2228,0
REFIT-H1-COACT-000033,washer+dishwasher,context_after,4404692,2014-11-24 05:23:52,1416806632,2548,0,46,2232,0
REFIT-H1-COACT-000034,washer+dishwasher,context_after,4404692,2014-11-24 05:23:52,1416806632,2548,0,46,2232,0
REFIT-H1-COACT-000035,washer+dishwasher,context_after,4404692,2014-11-24 05:23:52,1416806632,2548,0,46,2232,0
REFIT-H1-COACT-000036,washer+dishwasher,context_after,4404692,2014-11-24 05:23:52,1416806632,2548,0,46,2232,0
REFIT-H1-COACT-000037,washer+dishwasher,context_before,4404692,2014-11-24 05:23:52,1416806632,2548,0,46,2232,0
REFIT-H1-COACT-000033,washer+dishwasher,context_after,4404693,2014-11-24 05:23:59,1416806639,2687,0,180,2201,0
REFIT-H1-COACT-000034,washer+dishwasher,context_after,4404693,2014-11-24 05:23:59,1416806639,2687,0,180,2201,0
REFIT-H1-COACT-000035,washer+dishwasher,context_after,4404693,2014-11-24 05:23:59,1416806639,2687,0,180,2201,0
REFIT-H1-COACT-000036,washer+dishwasher,context_after,4404693,2014-11-24 05:23:59,1416806639,2687,0,180,2201,0
REFIT-H1-COACT-000037,washer+dishwasher,candidate_window,4404693,2014-11-24 05:23:59,1416806639,2687,0,180,2201,0
REFIT-H1-COACT-000033,washer+dishwasher,context_after,4404694,2014-11-24 05:24:06,1416806646,2629,0,155,2197,0
REFIT-H1-COACT-000034,washer+dishwasher,context_after,4404694,2014-11-24 05:24:06,1416806646,2629,0,155,2197,0
REFIT-H1-COACT-000035,washer+dishwasher,context_after,4404694,2014-11-24 05:24:06,1416806646,2629,0,155,2197,0
REFIT-H1-COACT-000036,washer+dishwasher,context_after,4404694,2014-11-24 05:24:06,1416806646,2629,0,155,2197,0
REFIT-H1-COACT-000037,washer+dishwasher,candidate_window,4404694,2014-11-24 05:24:06,1416806646,2629,0,155,2197,0
REFIT-H1-COACT-000033,washer+dishwasher,context_after,4404695,2014-11-24 05:24:13,1416806653,684,0,113,2236,1
REFIT-H1-COACT-000034,washer+dishwasher,context_after,4404695,2014-11-24 05:24:13,1416806653,684,0,113,2236,1
REFIT-H1-COACT-000035,washer+dishwasher,context_after,4404695,2014-11-24 05:24:13,1416806653,684,0,113,2236,1
REFIT-H1-COACT-000036,washer+dishwasher,context_after,4404695,2014-11-24 05:24:13,1416806653,684,0,113,2236,1
REFIT-H1-COACT-000037,washer+dishwasher,context_after,4404695,2014-11-24 05:24:13,1416806653,684,0,113,2236,1
REFIT-H1-COACT-000034,washer+dishwasher,context_after,4404696,2014-11-24 05:24:19,1416806659,632,0,113,74,0
REFIT-H1-COACT-000035,washer+dishwasher,context_after,4404696,2014-11-24 05:24:19,1416806659,632,0,113,74,0
REFIT-H1-COACT-000036,washer+dishwasher,context_after,4404696,2014-11-24 05:24:19,1416806659,632,0,113,74,0
REFIT-H1-COACT-000037,washer+dishwasher,context_after,4404696,2014-11-24 05:24:19,1416806659,632,0,113,74,0
REFIT-H1-COACT-000034,washer+dishwasher,context_after,4404697,2014-11-24 05:24:26,1416806666,542,0,82,64,0
REFIT-H1-COACT-000035,washer+dishwasher,context_after,4404697,2014-11-24 05:24:26,1416806666,542,0,82,64,0
REFIT-H1-COACT-000036,washer+dishwasher,context_after,4404697,2014-11-24 05:24:26,1416806666,542,0,82,64,0
REFIT-H1-COACT-000037,washer+dishwasher,context_after,4404697,2014-11-24 05:24:26,1416806666,542,0,82,64,0
REFIT-H1-COACT-000034,washer+dishwasher,context_after,4404698,2014-11-24 05:24:33,1416806673,311,0,36,10,0
REFIT-H1-COACT-000035,washer+dishwasher,context_after,4404698,2014-11-24 05:24:33,1416806673,311,0,36,10,0
REFIT-H1-COACT-000036,washer+dishwasher,context_after,4404698,2014-11-24 05:24:33,1416806673,311,0,36,10,0
REFIT-H1-COACT-000037,washer+dishwasher,context_after,4404698,2014-11-24 05:24:33,1416806673,311,0,36,10,0
REFIT-H1-COACT-000034,washer+dishwasher,context_after,4404699,2014-11-24 05:24:40,1416806680,273,0,32,31,0
REFIT-H1-COACT-000035,washer+dishwasher,context_after,4404699,2014-11-24 05:24:40,1416806680,273,0,32,31,0
REFIT-H1-COACT-000036,washer+dishwasher,context_after,4404699,2014-11-24 05:24:40,1416806680,273,0,32,31,0
REFIT-H1-COACT-000037,washer+dishwasher,context_after,4404699,2014-11-24 05:24:40,1416806680,273,0,32,31,0
REFIT-H1-COACT-000034,washer+dishwasher,context_after,4404700,2014-11-24 05:24:46,1416806686,320,0,315,2,1
REFIT-H1-COACT-000035,washer+dishwasher,context_after,4404700,2014-11-24 05:24:46,1416806686,320,0,315,2,1
REFIT-H1-COACT-000036,washer+dishwasher,context_after,4404700,2014-11-24 05:24:46,1416806686,320,0,315,2,1
REFIT-H1-COACT-000037,washer+dishwasher,context_after,4404700,2014-11-24 05:24:46,1416806686,320,0,315,2,1
REFIT-H1-COACT-000034,washer+dishwasher,context_after,4404701,2014-11-24 05:24:53,1416806693,265,0,5,2,0
REFIT-H1-COACT-000035,washer+dishwasher,context_after,4404701,2014-11-24 05:24:53,1416806693,265,0,5,2,0
REFIT-H1-COACT-000036,washer+dishwasher,context_after,4404701,2014-11-24 05:24:53,1416806693,265,0,5,2,0
REFIT-H1-COACT-000037,washer+dishwasher,context_after,4404701,2014-11-24 05:24:53,1416806693,265,0,5,2,0
REFIT-H1-COACT-000034,washer+dishwasher,context_after,4404702,2014-11-24 05:25:00,1416806700,851,0,27,30,0
REFIT-H1-COACT-000035,washer+dishwasher,context_after,4404702,2014-11-24 05:25:00,1416806700,851,0,27,30,0
REFIT-H1-COACT-000036,washer+dishwasher,context_after,4404702,2014-11-24 05:25:00,1416806700,851,0,27,30,0
REFIT-H1-COACT-000037,washer+dishwasher,context_after,4404702,2014-11-24 05:25:00,1416806700,851,0,27,30,0
REFIT-H1-COACT-000034,washer+dishwasher,context_after,4404703,2014-11-24 05:25:06,1416806706,795,0,151,26,0
REFIT-H1-COACT-000035,washer+dishwasher,context_after,4404703,2014-11-24 05:25:06,1416806706,795,0,151,26,0
REFIT-H1-COACT-000036,washer+dishwasher,context_after,4404703,2014-11-24 05:25:06,1416806706,795,0,151,26,0
REFIT-H1-COACT-000037,washer+dishwasher,context_after,4404703,2014-11-24 05:25:06,1416806706,795,0,151,26,0
REFIT-H1-COACT-000034,washer+dishwasher,context_after,4404704,2014-11-24 05:25:13,1416806713,569,0,84,25,0
REFIT-H1-COACT-000035,washer+dishwasher,context_after,4404704,2014-11-24 05:25:13,1416806713,569,0,84,25,0
REFIT-H1-COACT-000036,washer+dishwasher,context_after,4404704,2014-11-24 05:25:13,1416806713,569,0,84,25,0
REFIT-H1-COACT-000037,washer+dishwasher,context_after,4404704,2014-11-24 05:25:13,1416806713,569,0,84,25,0
REFIT-H1-COACT-000034,washer+dishwasher,context_after,4404705,2014-11-24 05:25:20,1416806720,495,0,79,25,0
REFIT-H1-COACT-000035,washer+dishwasher,context_after,4404705,2014-11-24 05:25:20,1416806720,495,0,79,25,0
REFIT-H1-COACT-000036,washer+dishwasher,context_after,4404705,2014-11-24 05:25:20,1416806720,495,0,79,25,0
REFIT-H1-COACT-000037,washer+dishwasher,context_after,4404705,2014-11-24 05:25:20,1416806720,495,0,79,25,0
REFIT-H1-COACT-000034,washer+dishwasher,context_after,4404706,2014-11-24 05:25:27,1416806727,491,0,85,26,0
REFIT-H1-COACT-000035,washer+dishwasher,context_after,4404706,2014-11-24 05:25:27,1416806727,491,0,85,26,0
REFIT-H1-COACT-000036,washer+dishwasher,context_after,4404706,2014-11-24 05:25:27,1416806727,491,0,85,26,0
REFIT-H1-COACT-000037,washer+dishwasher,context_after,4404706,2014-11-24 05:25:27,1416806727,491,0,85,26,0
REFIT-H1-COACT-000034,washer+dishwasher,context_after,4404707,2014-11-24 05:25:33,1416806733,478,0,70,26,0
REFIT-H1-COACT-000035,washer+dishwasher,context_after,4404707,2014-11-24 05:25:33,1416806733,478,0,70,26,0
REFIT-H1-COACT-000036,washer+dishwasher,context_after,4404707,2014-11-24 05:25:33,1416806733,478,0,70,26,0
REFIT-H1-COACT-000037,washer+dishwasher,context_after,4404707,2014-11-24 05:25:33,1416806733,478,0,70,26,0
REFIT-H1-COACT-000034,washer+dishwasher,context_after,4404708,2014-11-24 05:25:40,1416806740,432,0,33,26,0
REFIT-H1-COACT-000035,washer+dishwasher,context_after,4404708,2014-11-24 05:25:40,1416806740,432,0,33,26,0
REFIT-H1-COACT-000036,washer+dishwasher,context_after,4404708,2014-11-24 05:25:40,1416806740,432,0,33,26,0
REFIT-H1-COACT-000037,washer+dishwasher,context_after,4404708,2014-11-24 05:25:40,1416806740,432,0,33,26,0
REFIT-H1-COACT-000034,washer+dishwasher,context_after,4404709,2014-11-24 05:25:47,1416806747,261,0,133,65,1
REFIT-H1-COACT-000035,washer+dishwasher,context_after,4404709,2014-11-24 05:25:47,1416806747,261,0,133,65,1
REFIT-H1-COACT-000036,washer+dishwasher,context_after,4404709,2014-11-24 05:25:47,1416806747,261,0,133,65,1
REFIT-H1-COACT-000037,washer+dishwasher,context_after,4404709,2014-11-24 05:25:47,1416806747,261,0,133,65,1
REFIT-H1-COACT-000034,washer+dishwasher,context_after,4404710,2014-11-24 05:25:54,1416806754,645,0,130,66,0
REFIT-H1-COACT-000035,washer+dishwasher,context_after,4404710,2014-11-24 05:25:54,1416806754,645,0,130,66,0
REFIT-H1-COACT-000036,washer+dishwasher,context_after,4404710,2014-11-24 05:25:54,1416806754,645,0,130,66,0
REFIT-H1-COACT-000037,washer+dishwasher,context_after,4404710,2014-11-24 05:25:54,1416806754,645,0,130,66,0
REFIT-H1-COACT-000034,washer+dishwasher,context_after,4404711,2014-11-24 05:26:01,1416806761,438,0,78,3,0
REFIT-H1-COACT-000035,washer+dishwasher,context_after,4404711,2014-11-24 05:26:01,1416806761,438,0,78,3,0
REFIT-H1-COACT-000036,washer+dishwasher,context_after,4404711,2014-11-24 05:26:01,1416806761,438,0,78,3,0
REFIT-H1-COACT-000037,washer+dishwasher,context_after,4404711,2014-11-24 05:26:01,1416806761,438,0,78,3,0
REFIT-H1-COACT-000034,washer+dishwasher,context_after,4404712,2014-11-24 05:26:07,1416806767,431,0,75,1,0
REFIT-H1-COACT-000035,washer+dishwasher,context_after,4404712,2014-11-24 05:26:07,1416806767,431,0,75,1,0
REFIT-H1-COACT-000036,washer+dishwasher,context_after,4404712,2014-11-24 05:26:07,1416806767,431,0,75,1,0
REFIT-H1-COACT-000037,washer+dishwasher,context_after,4404712,2014-11-24 05:26:07,1416806767,431,0,75,1,0
REFIT-H1-COACT-000034,washer+dishwasher,context_after,4404713,2014-11-24 05:26:14,1416806774,430,0,70,1,0
REFIT-H1-COACT-000035,washer+dishwasher,context_after,4404713,2014-11-24 05:26:14,1416806774,430,0,70,1,0
REFIT-H1-COACT-000036,washer+dishwasher,context_after,4404713,2014-11-24 05:26:14,1416806774,430,0,70,1,0
REFIT-H1-COACT-000037,washer+dishwasher,context_after,4404713,2014-11-24 05:26:14,1416806774,430,0,70,1,0
REFIT-H1-COACT-000034,washer+dishwasher,context_after,4404714,2014-11-24 05:26:21,1416806781,387,0,85,1,0
REFIT-H1-COACT-000035,washer+dishwasher,context_after,4404714,2014-11-24 05:26:21,1416806781,387,0,85,1,0
REFIT-H1-COACT-000036,washer+dishwasher,context_after,4404714,2014-11-24 05:26:21,1416806781,387,0,85,1,0
REFIT-H1-COACT-000037,washer+dishwasher,context_after,4404714,2014-11-24 05:26:21,1416806781,387,0,85,1,0
REFIT-H1-COACT-000034,washer+dishwasher,context_after,4404715,2014-11-24 05:26:27,1416806787,401,0,27,1,0
REFIT-H1-COACT-000035,washer+dishwasher,context_after,4404715,2014-11-24 05:26:27,1416806787,401,0,27,1,0
REFIT-H1-COACT-000036,washer+dishwasher,context_after,4404715,2014-11-24 05:26:27,1416806787,401,0,27,1,0
REFIT-H1-COACT-000037,washer+dishwasher,context_after,4404715,2014-11-24 05:26:27,1416806787,401,0,27,1,0
REFIT-H1-COACT-000035,washer+dishwasher,context_after,4404716,2014-11-24 05:26:34,1416806794,361,0,123,1,0
REFIT-H1-COACT-000036,washer+dishwasher,context_after,4404716,2014-11-24 05:26:34,1416806794,361,0,123,1,0
REFIT-H1-COACT-000037,washer+dishwasher,context_after,4404716,2014-11-24 05:26:34,1416806794,361,0,123,1,0
REFIT-H1-COACT-000035,washer+dishwasher,context_after,4404717,2014-11-24 05:26:41,1416806801,760,0,106,1,0
REFIT-H1-COACT-000036,washer+dishwasher,context_after,4404717,2014-11-24 05:26:41,1416806801,760,0,106,1,0
REFIT-H1-COACT-000037,washer+dishwasher,context_after,4404717,2014-11-24 05:26:41,1416806801,760,0,106,1,0
REFIT-H1-COACT-000035,washer+dishwasher,context_after,4404718,2014-11-24 05:26:48,1416806808,501,0,81,1,0
REFIT-H1-COACT-000036,washer+dishwasher,context_after,4404718,2014-11-24 05:26:48,1416806808,501,0,81,1,0
REFIT-H1-COACT-000037,washer+dishwasher,context_after,4404718,2014-11-24 05:26:48,1416806808,501,0,81,1,0
REFIT-H1-COACT-000036,washer+dishwasher,context_after,4404719,2014-11-24 05:26:54,1416806814,430,0,70,1,0
REFIT-H1-COACT-000037,washer+dishwasher,context_after,4404719,2014-11-24 05:26:54,1416806814,430,0,70,1,0
REFIT-H1-COACT-000036,washer+dishwasher,context_after,4404720,2014-11-24 05:27:01,1416806821,397,0,75,1,0
REFIT-H1-COACT-000037,washer+dishwasher,context_after,4404720,2014-11-24 05:27:01,1416806821,397,0,75,1,0
REFIT-H1-COACT-000036,washer+dishwasher,context_after,4404721,2014-11-24 05:27:08,1416806828,405,0,75,1,0
REFIT-H1-COACT-000037,washer+dishwasher,context_after,4404721,2014-11-24 05:27:08,1416806828,405,0,75,1,0
REFIT-H1-COACT-000037,washer+dishwasher,context_after,4404722,2014-11-24 05:27:15,1416806835,408,0,70,1,0
REFIT-H1-COACT-000037,washer+dishwasher,context_after,4404723,2014-11-24 05:27:21,1416806841,516,0,132,1,0
REFIT-H1-COACT-000037,washer+dishwasher,context_after,4404724,2014-11-24 05:27:28,1416806848,421,0,107,1,0
REFIT-H1-COACT-000038,washer+dishwasher,context_before,4524078,2014-12-03 13:37:21,1417613841,598,0,129,0,0
REFIT-H1-COACT-000038,washer+dishwasher,context_before,4524079,2014-12-03 13:37:28,1417613848,540,0,110,0,0
REFIT-H1-COACT-000038,washer+dishwasher,context_before,4524080,2014-12-03 13:37:34,1417613854,462,0,110,0,0
REFIT-H1-COACT-000038,washer+dishwasher,context_before,4524081,2014-12-03 13:37:41,1417613861,456,0,82,0,0
REFIT-H1-COACT-000038,washer+dishwasher,context_before,4524082,2014-12-03 13:37:48,1417613868,273,0,27,0,0
REFIT-H1-COACT-000038,washer+dishwasher,context_before,4524083,2014-12-03 13:37:55,1417613875,242,0,35,0,0
REFIT-H1-COACT-000038,washer+dishwasher,context_before,4524084,2014-12-03 13:38:01,1417613881,242,0,39,0,0
REFIT-H1-COACT-000038,washer+dishwasher,context_before,4524085,2014-12-03 13:38:08,1417613888,623,0,72,0,0
REFIT-H1-COACT-000038,washer+dishwasher,context_before,4524086,2014-12-03 13:38:15,1417613895,844,0,29,0,0
REFIT-H1-COACT-000038,washer+dishwasher,context_before,4524087,2014-12-03 13:38:22,1417613902,825,0,175,0,0
REFIT-H1-COACT-000038,washer+dishwasher,context_before,4524088,2014-12-03 13:38:28,1417613908,606,0,175,26,0
REFIT-H1-COACT-000038,washer+dishwasher,context_before,4524089,2014-12-03 13:38:35,1417613915,516,0,90,25,0
REFIT-H1-COACT-000038,washer+dishwasher,context_before,4524090,2014-12-03 13:38:42,1417613922,448,0,76,8,0
REFIT-H1-COACT-000038,washer+dishwasher,context_before,4524091,2014-12-03 13:38:48,1417613928,433,0,78,8,0
REFIT-H1-COACT-000038,washer+dishwasher,context_before,4524092,2014-12-03 13:38:55,1417613935,447,0,89,8,0
REFIT-H1-COACT-000038,washer+dishwasher,context_before,4524093,2014-12-03 13:39:02,1417613942,243,0,47,8,0
REFIT-H1-COACT-000038,washer+dishwasher,context_before,4524094,2014-12-03 13:39:08,1417613948,630,0,143,8,0
REFIT-H1-COACT-000038,washer+dishwasher,context_before,4524095,2014-12-03 13:39:15,1417613955,647,0,141,8,0
REFIT-H1-COACT-000038,washer+dishwasher,context_before,4524096,2014-12-03 13:39:22,1417613962,581,0,92,175,0
REFIT-H1-COACT-000038,washer+dishwasher,context_before,4524097,2014-12-03 13:39:28,1417613968,476,0,77,68,0
REFIT-H1-COACT-000038,washer+dishwasher,context_before,4524098,2014-12-03 13:39:35,1417613975,456,0,70,66,0
REFIT-H1-COACT-000038,washer+dishwasher,context_before,4524099,2014-12-03 13:39:42,1417613982,479,0,72,67,0
REFIT-H1-COACT-000038,washer+dishwasher,context_before,4524100,2014-12-03 13:39:49,1417613989,292,0,41,72,0
REFIT-H1-COACT-000038,washer+dishwasher,context_before,4524101,2014-12-03 13:39:55,1417613995,736,0,113,72,0
REFIT-H1-COACT-000038,washer+dishwasher,context_before,4524102,2014-12-03 13:40:02,1417614002,604,0,154,72,0
REFIT-H1-COACT-000038,washer+dishwasher,context_before,4524103,2014-12-03 13:40:09,1417614009,466,0,107,75,0
REFIT-H1-COACT-000039,washer+dishwasher,context_before,4524103,2014-12-03 13:40:09,1417614009,466,0,107,75,0
REFIT-H1-COACT-000038,washer+dishwasher,context_before,4524104,2014-12-03 13:40:15,1417614015,397,0,74,67,0
REFIT-H1-COACT-000039,washer+dishwasher,context_before,4524104,2014-12-03 13:40:15,1417614015,397,0,74,67,0
REFIT-H1-COACT-000038,washer+dishwasher,context_before,4524105,2014-12-03 13:40:22,1417614022,2520,0,70,67,0
REFIT-H1-COACT-000039,washer+dishwasher,context_before,4524105,2014-12-03 13:40:22,1417614022,2520,0,70,67,0
REFIT-H1-COACT-000038,washer+dishwasher,context_before,4524106,2014-12-03 13:40:29,1417614029,2495,0,81,2336,0
REFIT-H1-COACT-000039,washer+dishwasher,context_before,4524106,2014-12-03 13:40:29,1417614029,2495,0,81,2336,0
REFIT-H1-COACT-000038,washer+dishwasher,context_before,4524107,2014-12-03 13:40:35,1417614035,2471,0,139,2340,1
REFIT-H1-COACT-000039,washer+dishwasher,context_before,4524107,2014-12-03 13:40:35,1417614035,2471,0,139,2340,1
REFIT-H1-COACT-000038,washer+dishwasher,candidate_window,4524108,2014-12-03 13:40:42,1417614042,2577,0,189,2340,0
REFIT-H1-COACT-000039,washer+dishwasher,context_before,4524108,2014-12-03 13:40:42,1417614042,2577,0,189,2340,0
REFIT-H1-COACT-000038,washer+dishwasher,candidate_window,4524109,2014-12-03 13:40:49,1417614049,2583,0,189,2302,0
REFIT-H1-COACT-000039,washer+dishwasher,context_before,4524109,2014-12-03 13:40:49,1417614049,2583,0,189,2302,0
REFIT-H1-COACT-000038,washer+dishwasher,candidate_window,4524110,2014-12-03 13:40:55,1417614055,2581,0,170,2302,0
REFIT-H1-COACT-000039,washer+dishwasher,context_before,4524110,2014-12-03 13:40:55,1417614055,2581,0,170,2302,0
REFIT-H1-COACT-000038,washer+dishwasher,candidate_window,4524111,2014-12-03 13:41:02,1417614062,2635,0,170,2332,0
REFIT-H1-COACT-000039,washer+dishwasher,context_before,4524111,2014-12-03 13:41:02,1417614062,2635,0,170,2332,0
REFIT-H1-COACT-000038,washer+dishwasher,candidate_window,4524112,2014-12-03 13:41:09,1417614069,2600,0,196,2332,0
REFIT-H1-COACT-000039,washer+dishwasher,context_before,4524112,2014-12-03 13:41:09,1417614069,2600,0,196,2332,0
REFIT-H1-COACT-000038,washer+dishwasher,candidate_window,4524113,2014-12-03 13:41:15,1417614075,2594,0,183,2319,0
REFIT-H1-COACT-000039,washer+dishwasher,context_before,4524113,2014-12-03 13:41:15,1417614075,2594,0,183,2319,0
REFIT-H1-COACT-000038,washer+dishwasher,candidate_window,4524114,2014-12-03 13:41:22,1417614082,2592,0,214,2340,0
REFIT-H1-COACT-000039,washer+dishwasher,context_before,4524114,2014-12-03 13:41:22,1417614082,2592,0,214,2340,0
REFIT-H1-COACT-000038,washer+dishwasher,candidate_window,4524115,2014-12-03 13:41:29,1417614089,2645,0,226,2340,0
REFIT-H1-COACT-000039,washer+dishwasher,context_before,4524115,2014-12-03 13:41:29,1417614089,2645,0,226,2340,0
REFIT-H1-COACT-000038,washer+dishwasher,candidate_window,4524116,2014-12-03 13:41:36,1417614096,2597,0,240,2285,0
REFIT-H1-COACT-000039,washer+dishwasher,context_before,4524116,2014-12-03 13:41:36,1417614096,2597,0,240,2285,0
REFIT-H1-COACT-000038,washer+dishwasher,candidate_window,4524117,2014-12-03 13:41:42,1417614102,2605,0,234,2281,0
REFIT-H1-COACT-000039,washer+dishwasher,context_before,4524117,2014-12-03 13:41:42,1417614102,2605,0,234,2281,0
REFIT-H1-COACT-000038,washer+dishwasher,candidate_window,4524118,2014-12-03 13:41:49,1417614109,2642,0,231,2315,0
REFIT-H1-COACT-000039,washer+dishwasher,context_before,4524118,2014-12-03 13:41:49,1417614109,2642,0,231,2315,0
REFIT-H1-COACT-000038,washer+dishwasher,candidate_window,4524119,2014-12-03 13:41:56,1417614116,2590,0,232,2319,0
REFIT-H1-COACT-000039,washer+dishwasher,context_before,4524119,2014-12-03 13:41:56,1417614116,2590,0,232,2319,0
REFIT-H1-COACT-000038,washer+dishwasher,candidate_window,4524120,2014-12-03 13:42:02,1417614122,2606,0,224,2327,0
REFIT-H1-COACT-000039,washer+dishwasher,context_before,4524120,2014-12-03 13:42:02,1417614122,2606,0,224,2327,0
REFIT-H1-COACT-000038,washer+dishwasher,candidate_window,4524121,2014-12-03 13:42:09,1417614129,2594,0,226,2293,0
REFIT-H1-COACT-000039,washer+dishwasher,context_before,4524121,2014-12-03 13:42:09,1417614129,2594,0,226,2293,0
REFIT-H1-COACT-000038,washer+dishwasher,candidate_window,4524122,2014-12-03 13:42:16,1417614136,2756,0,318,2319,0
REFIT-H1-COACT-000039,washer+dishwasher,context_before,4524122,2014-12-03 13:42:16,1417614136,2756,0,318,2319,0
REFIT-H1-COACT-000038,washer+dishwasher,candidate_window,4524123,2014-12-03 13:42:22,1417614142,2759,0,319,2336,0
REFIT-H1-COACT-000039,washer+dishwasher,context_before,4524123,2014-12-03 13:42:22,1417614142,2759,0,319,2336,0
REFIT-H1-COACT-000038,washer+dishwasher,candidate_window,4524124,2014-12-03 13:42:29,1417614149,2760,0,340,2327,0
REFIT-H1-COACT-000039,washer+dishwasher,context_before,4524124,2014-12-03 13:42:29,1417614149,2760,0,340,2327,0
REFIT-H1-COACT-000038,washer+dishwasher,candidate_window,4524125,2014-12-03 13:42:36,1417614156,2728,0,362,2277,0
REFIT-H1-COACT-000039,washer+dishwasher,context_before,4524125,2014-12-03 13:42:36,1417614156,2728,0,362,2277,0
REFIT-H1-COACT-000038,washer+dishwasher,candidate_window,4524126,2014-12-03 13:42:42,1417614162,2800,0,415,2289,0
REFIT-H1-COACT-000039,washer+dishwasher,context_before,4524126,2014-12-03 13:42:42,1417614162,2800,0,415,2289,0
REFIT-H1-COACT-000038,washer+dishwasher,candidate_window,4524127,2014-12-03 13:42:49,1417614169,2935,0,465,2281,0
REFIT-H1-COACT-000039,washer+dishwasher,context_before,4524127,2014-12-03 13:42:49,1417614169,2935,0,465,2281,0
REFIT-H1-COACT-000038,washer+dishwasher,candidate_window,4524128,2014-12-03 13:42:56,1417614176,2726,0,391,2315,0
REFIT-H1-COACT-000039,washer+dishwasher,context_before,4524128,2014-12-03 13:42:56,1417614176,2726,0,391,2315,0
REFIT-H1-COACT-000038,washer+dishwasher,candidate_window,4524129,2014-12-03 13:43:02,1417614182,2766,0,378,2323,0
REFIT-H1-COACT-000039,washer+dishwasher,context_before,4524129,2014-12-03 13:43:02,1417614182,2766,0,378,2323,0
REFIT-H1-COACT-000038,washer+dishwasher,candidate_window,4524130,2014-12-03 13:43:09,1417614189,2805,0,396,2332,0
REFIT-H1-COACT-000039,washer+dishwasher,context_before,4524130,2014-12-03 13:43:09,1417614189,2805,0,396,2332,0
REFIT-H1-COACT-000038,washer+dishwasher,context_after,4524131,2014-12-03 13:43:16,1417614196,2790,0,518,2289,1
REFIT-H1-COACT-000039,washer+dishwasher,context_before,4524131,2014-12-03 13:43:16,1417614196,2790,0,518,2289,1
REFIT-H1-COACT-000038,washer+dishwasher,context_after,4524132,2014-12-03 13:43:22,1417614202,2790,0,508,2293,1
REFIT-H1-COACT-000039,washer+dishwasher,context_before,4524132,2014-12-03 13:43:22,1417614202,2790,0,508,2293,1
REFIT-H1-COACT-000038,washer+dishwasher,context_after,4524133,2014-12-03 13:43:29,1417614209,3003,0,508,2315,0
REFIT-H1-COACT-000039,washer+dishwasher,candidate_window,4524133,2014-12-03 13:43:29,1417614209,3003,0,508,2315,0
REFIT-H1-COACT-000038,washer+dishwasher,context_after,4524134,2014-12-03 13:43:36,1417614216,3027,0,500,2323,0
REFIT-H1-COACT-000039,washer+dishwasher,candidate_window,4524134,2014-12-03 13:43:36,1417614216,3027,0,500,2323,0
REFIT-H1-COACT-000038,washer+dishwasher,context_after,4524135,2014-12-03 13:43:42,1417614222,2954,0,496,2281,0
REFIT-H1-COACT-000039,washer+dishwasher,candidate_window,4524135,2014-12-03 13:43:42,1417614222,2954,0,496,2281,0
REFIT-H1-COACT-000038,washer+dishwasher,context_after,4524136,2014-12-03 13:43:49,1417614229,2898,0,476,2281,0
REFIT-H1-COACT-000039,washer+dishwasher,candidate_window,4524136,2014-12-03 13:43:49,1417614229,2898,0,476,2281,0
REFIT-H1-COACT-000038,washer+dishwasher,context_after,4524137,2014-12-03 13:43:56,1417614236,3037,0,489,2302,0
REFIT-H1-COACT-000039,washer+dishwasher,candidate_window,4524137,2014-12-03 13:43:56,1417614236,3037,0,489,2302,0
REFIT-H1-COACT-000038,washer+dishwasher,context_after,4524138,2014-12-03 13:44:03,1417614243,3076,0,584,2272,0
REFIT-H1-COACT-000039,washer+dishwasher,candidate_window,4524138,2014-12-03 13:44:03,1417614243,3076,0,584,2272,0
REFIT-H1-COACT-000038,washer+dishwasher,context_after,4524139,2014-12-03 13:44:09,1417614249,3111,0,584,2285,0
REFIT-H1-COACT-000039,washer+dishwasher,candidate_window,4524139,2014-12-03 13:44:09,1417614249,3111,0,584,2285,0
REFIT-H1-COACT-000038,washer+dishwasher,context_after,4524140,2014-12-03 13:44:16,1417614256,3100,0,615,2285,0
REFIT-H1-COACT-000039,washer+dishwasher,candidate_window,4524140,2014-12-03 13:44:16,1417614256,3100,0,615,2285,0
REFIT-H1-COACT-000038,washer+dishwasher,context_after,4524141,2014-12-03 13:44:23,1417614263,3144,0,542,2285,0
REFIT-H1-COACT-000039,washer+dishwasher,candidate_window,4524141,2014-12-03 13:44:23,1417614263,3144,0,542,2285,0
REFIT-H1-COACT-000038,washer+dishwasher,context_after,4524142,2014-12-03 13:44:29,1417614269,3089,0,552,2323,0
REFIT-H1-COACT-000039,washer+dishwasher,candidate_window,4524142,2014-12-03 13:44:29,1417614269,3089,0,552,2323,0
REFIT-H1-COACT-000038,washer+dishwasher,context_after,4524143,2014-12-03 13:44:36,1417614276,3072,0,563,2285,0
REFIT-H1-COACT-000039,washer+dishwasher,candidate_window,4524143,2014-12-03 13:44:36,1417614276,3072,0,563,2285,0
REFIT-H1-COACT-000038,washer+dishwasher,context_after,4524144,2014-12-03 13:44:43,1417614283,3110,0,556,2293,0
REFIT-H1-COACT-000039,washer+dishwasher,candidate_window,4524144,2014-12-03 13:44:43,1417614283,3110,0,556,2293,0
REFIT-H1-COACT-000038,washer+dishwasher,context_after,4524145,2014-12-03 13:44:49,1417614289,2454,0,29,2293,0
REFIT-H1-COACT-000039,washer+dishwasher,context_after,4524145,2014-12-03 13:44:49,1417614289,2454,0,29,2293,0
REFIT-H1-COACT-000038,washer+dishwasher,context_after,4524146,2014-12-03 13:44:56,1417614296,2415,0,29,2323,0
REFIT-H1-COACT-000039,washer+dishwasher,context_after,4524146,2014-12-03 13:44:56,1417614296,2415,0,29,2323,0
REFIT-H1-COACT-000038,washer+dishwasher,context_after,4524147,2014-12-03 13:45:03,1417614303,2428,0,28,2302,0
REFIT-H1-COACT-000039,washer+dishwasher,context_after,4524147,2014-12-03 13:45:03,1417614303,2428,0,28,2302,0
REFIT-H1-COACT-000038,washer+dishwasher,context_after,4524148,2014-12-03 13:45:09,1417614309,2412,0,29,2323,0
REFIT-H1-COACT-000039,washer+dishwasher,context_after,4524148,2014-12-03 13:45:09,1417614309,2412,0,29,2323,0
REFIT-H1-COACT-000038,washer+dishwasher,context_after,4524149,2014-12-03 13:45:16,1417614316,2422,0,28,2319,0
REFIT-H1-COACT-000039,washer+dishwasher,context_after,4524149,2014-12-03 13:45:16,1417614316,2422,0,28,2319,0
REFIT-H1-COACT-000038,washer+dishwasher,context_after,4524150,2014-12-03 13:45:23,1417614323,2443,0,2,2285,0
REFIT-H1-COACT-000039,washer+dishwasher,context_after,4524150,2014-12-03 13:45:23,1417614323,2443,0,2,2285,0
REFIT-H1-COACT-000038,washer+dishwasher,context_after,4524151,2014-12-03 13:45:30,1417614330,2407,0,2,2327,0
REFIT-H1-COACT-000039,washer+dishwasher,context_after,4524151,2014-12-03 13:45:30,1417614330,2407,0,2,2327,0
REFIT-H1-COACT-000038,washer+dishwasher,context_after,4524152,2014-12-03 13:45:36,1417614336,2401,0,2,2298,0
REFIT-H1-COACT-000039,washer+dishwasher,context_after,4524152,2014-12-03 13:45:36,1417614336,2401,0,2,2298,0
REFIT-H1-COACT-000038,washer+dishwasher,context_after,4524153,2014-12-03 13:45:43,1417614343,2394,0,2,2298,0
REFIT-H1-COACT-000039,washer+dishwasher,context_after,4524153,2014-12-03 13:45:43,1417614343,2394,0,2,2298,0
REFIT-H1-COACT-000038,washer+dishwasher,context_after,4524154,2014-12-03 13:45:50,1417614350,2399,0,2,2281,0
REFIT-H1-COACT-000039,washer+dishwasher,context_after,4524154,2014-12-03 13:45:50,1417614350,2399,0,2,2281,0
REFIT-H1-COACT-000038,washer+dishwasher,context_after,4524155,2014-12-03 13:45:56,1417614356,2402,0,2,2277,0
REFIT-H1-COACT-000039,washer+dishwasher,context_after,4524155,2014-12-03 13:45:56,1417614356,2402,0,2,2277,0
REFIT-H1-COACT-000038,washer+dishwasher,context_after,4524156,2014-12-03 13:46:03,1417614363,2439,0,2,2228,0
REFIT-H1-COACT-000039,washer+dishwasher,context_after,4524156,2014-12-03 13:46:03,1417614363,2439,0,2,2228,0
REFIT-H1-COACT-000038,washer+dishwasher,context_after,4524157,2014-12-03 13:46:10,1417614370,2400,0,2,2281,0
REFIT-H1-COACT-000039,washer+dishwasher,context_after,4524157,2014-12-03 13:46:10,1417614370,2400,0,2,2281,0
REFIT-H1-COACT-000038,washer+dishwasher,context_after,4524158,2014-12-03 13:46:17,1417614377,2423,0,2,2323,0
REFIT-H1-COACT-000039,washer+dishwasher,context_after,4524158,2014-12-03 13:46:17,1417614377,2423,0,2,2323,0
REFIT-H1-COACT-000038,washer+dishwasher,context_after,4524159,2014-12-03 13:46:23,1417614383,2401,0,2,2272,0
REFIT-H1-COACT-000039,washer+dishwasher,context_after,4524159,2014-12-03 13:46:23,1417614383,2401,0,2,2272,0
REFIT-H1-COACT-000038,washer+dishwasher,context_after,4524160,2014-12-03 13:46:30,1417614390,2413,0,2,2236,0
REFIT-H1-COACT-000039,washer+dishwasher,context_after,4524160,2014-12-03 13:46:30,1417614390,2413,0,2,2236,0
REFIT-H1-COACT-000039,washer+dishwasher,context_after,4524161,2014-12-03 13:46:36,1417614396,2401,0,2,2340,0
REFIT-H1-COACT-000039,washer+dishwasher,context_after,4524162,2014-12-03 13:46:43,1417614403,2401,0,2,2336,0
REFIT-H1-COACT-000039,washer+dishwasher,context_after,4524163,2014-12-03 13:46:50,1417614410,2464,0,2,2319,0
REFIT-H1-COACT-000039,washer+dishwasher,context_after,4524164,2014-12-03 13:46:56,1417614416,2459,0,2,2323,0
REFIT-H1-COACT-000039,washer+dishwasher,context_after,4524165,2014-12-03 13:47:03,1417614423,2462,0,2,2298,0
REFIT-H1-COACT-000039,washer+dishwasher,context_after,4524166,2014-12-03 13:47:10,1417614430,2458,0,2,2306,0
REFIT-H1-COACT-000039,washer+dishwasher,context_after,4524167,2014-12-03 13:47:16,1417614436,2397,0,2,2323,0
REFIT-H1-COACT-000039,washer+dishwasher,context_after,4524168,2014-12-03 13:47:23,1417614443,2417,0,2,2289,0
REFIT-H1-COACT-000039,washer+dishwasher,context_after,4524169,2014-12-03 13:47:30,1417614450,2400,0,2,2285,0
REFIT-H1-COACT-000039,washer+dishwasher,context_after,4524170,2014-12-03 13:47:36,1417614456,2462,0,2,2285,0
REFIT-H1-COACT-000039,washer+dishwasher,context_after,4524171,2014-12-03 13:47:43,1417614463,2412,0,2,2289,0
REFIT-H1-COACT-000039,washer+dishwasher,context_after,4524172,2014-12-03 13:47:50,1417614470,2408,0,2,2306,0
REFIT-H1-COACT-000039,washer+dishwasher,context_after,4524173,2014-12-03 13:47:56,1417614476,2401,0,0,2306,0
REFIT-H1-COACT-000039,washer+dishwasher,context_after,4524174,2014-12-03 13:48:03,1417614483,2408,0,0,2293,0
REFIT-H1-COACT-000040,washer+dishwasher,context_before,4816693,2014-12-27 11:52:12,1419681132,270,0,0,0,0
REFIT-H1-COACT-000040,washer+dishwasher,context_before,4816694,2014-12-27 11:52:19,1419681139,273,0,0,0,0
REFIT-H1-COACT-000040,washer+dishwasher,context_before,4816695,2014-12-27 11:52:26,1419681146,272,0,0,0,0
REFIT-H1-COACT-000040,washer+dishwasher,context_before,4816696,2014-12-27 11:52:33,1419681153,270,0,0,0,0
REFIT-H1-COACT-000040,washer+dishwasher,context_before,4816697,2014-12-27 11:52:39,1419681159,275,0,0,0,0
REFIT-H1-COACT-000040,washer+dishwasher,context_before,4816698,2014-12-27 11:52:46,1419681166,272,0,0,0,0
REFIT-H1-COACT-000041,washer+dishwasher,context_before,4816698,2014-12-27 11:52:46,1419681166,272,0,0,0,0
REFIT-H1-COACT-000040,washer+dishwasher,context_before,4816699,2014-12-27 11:52:53,1419681173,273,0,0,0,0
REFIT-H1-COACT-000041,washer+dishwasher,context_before,4816699,2014-12-27 11:52:53,1419681173,273,0,0,0,0
REFIT-H1-COACT-000040,washer+dishwasher,context_before,4816700,2014-12-27 11:52:59,1419681179,267,0,0,0,0
REFIT-H1-COACT-000041,washer+dishwasher,context_before,4816700,2014-12-27 11:52:59,1419681179,267,0,0,0,0
REFIT-H1-COACT-000040,washer+dishwasher,context_before,4816701,2014-12-27 11:53:06,1419681186,277,0,0,0,0
REFIT-H1-COACT-000041,washer+dishwasher,context_before,4816701,2014-12-27 11:53:06,1419681186,277,0,0,0,0
REFIT-H1-COACT-000040,washer+dishwasher,context_before,4816702,2014-12-27 11:53:13,1419681193,275,0,0,0,0
REFIT-H1-COACT-000041,washer+dishwasher,context_before,4816702,2014-12-27 11:53:13,1419681193,275,0,0,0,0
REFIT-H1-COACT-000040,washer+dishwasher,context_before,4816703,2014-12-27 11:53:19,1419681199,275,0,0,0,0
REFIT-H1-COACT-000041,washer+dishwasher,context_before,4816703,2014-12-27 11:53:19,1419681199,275,0,0,0,0
REFIT-H1-COACT-000040,washer+dishwasher,context_before,4816704,2014-12-27 11:53:26,1419681206,270,0,0,0,0
REFIT-H1-COACT-000041,washer+dishwasher,context_before,4816704,2014-12-27 11:53:26,1419681206,270,0,0,0,0
REFIT-H1-COACT-000040,washer+dishwasher,context_before,4816705,2014-12-27 11:53:33,1419681213,299,0,0,0,0
REFIT-H1-COACT-000041,washer+dishwasher,context_before,4816705,2014-12-27 11:53:33,1419681213,299,0,0,0,0
REFIT-H1-COACT-000040,washer+dishwasher,context_before,4816706,2014-12-27 11:53:40,1419681220,300,0,0,22,0
REFIT-H1-COACT-000041,washer+dishwasher,context_before,4816706,2014-12-27 11:53:40,1419681220,300,0,0,22,0
REFIT-H1-COACT-000040,washer+dishwasher,context_before,4816707,2014-12-27 11:53:46,1419681226,281,0,0,22,0
REFIT-H1-COACT-000041,washer+dishwasher,context_before,4816707,2014-12-27 11:53:46,1419681226,281,0,0,22,0
REFIT-H1-COACT-000040,washer+dishwasher,context_before,4816708,2014-12-27 11:53:53,1419681233,276,0,0,8,0
REFIT-H1-COACT-000041,washer+dishwasher,context_before,4816708,2014-12-27 11:53:53,1419681233,276,0,0,8,0
REFIT-H1-COACT-000040,washer+dishwasher,context_before,4816709,2014-12-27 11:54:00,1419681240,275,0,0,8,0
REFIT-H1-COACT-000041,washer+dishwasher,context_before,4816709,2014-12-27 11:54:00,1419681240,275,0,0,8,0
REFIT-H1-COACT-000040,washer+dishwasher,context_before,4816710,2014-12-27 11:54:06,1419681246,276,0,0,8,0
REFIT-H1-COACT-000041,washer+dishwasher,context_before,4816710,2014-12-27 11:54:06,1419681246,276,0,0,8,0
REFIT-H1-COACT-000040,washer+dishwasher,context_before,4816711,2014-12-27 11:54:13,1419681253,281,0,0,8,0
REFIT-H1-COACT-000041,washer+dishwasher,context_before,4816711,2014-12-27 11:54:13,1419681253,281,0,0,8,0
REFIT-H1-COACT-000040,washer+dishwasher,context_before,4816712,2014-12-27 11:54:20,1419681260,279,0,0,7,0
REFIT-H1-COACT-000041,washer+dishwasher,context_before,4816712,2014-12-27 11:54:20,1419681260,279,0,0,7,0
REFIT-H1-COACT-000040,washer+dishwasher,context_before,4816713,2014-12-27 11:54:26,1419681266,449,0,10,7,0
REFIT-H1-COACT-000041,washer+dishwasher,context_before,4816713,2014-12-27 11:54:26,1419681266,449,0,10,7,0
REFIT-H1-COACT-000040,washer+dishwasher,context_before,4816714,2014-12-27 11:54:33,1419681273,357,0,28,7,0
REFIT-H1-COACT-000041,washer+dishwasher,context_before,4816714,2014-12-27 11:54:33,1419681273,357,0,28,7,0
REFIT-H1-COACT-000040,washer+dishwasher,context_before,4816715,2014-12-27 11:54:40,1419681280,776,0,93,60,0
REFIT-H1-COACT-000041,washer+dishwasher,context_before,4816715,2014-12-27 11:54:40,1419681280,776,0,93,60,0
REFIT-H1-COACT-000040,washer+dishwasher,context_before,4816716,2014-12-27 11:54:47,1419681287,436,0,83,62,0
REFIT-H1-COACT-000041,washer+dishwasher,context_before,4816716,2014-12-27 11:54:47,1419681287,436,0,83,62,0
REFIT-H1-COACT-000040,washer+dishwasher,context_before,4816717,2014-12-27 11:54:53,1419681293,439,0,82,63,0
REFIT-H1-COACT-000041,washer+dishwasher,context_before,4816717,2014-12-27 11:54:53,1419681293,439,0,82,63,0
REFIT-H1-COACT-000040,washer+dishwasher,context_before,4816718,2014-12-27 11:55:00,1419681300,439,0,80,66,0
REFIT-H1-COACT-000041,washer+dishwasher,context_before,4816718,2014-12-27 11:55:00,1419681300,439,0,80,66,0
REFIT-H1-COACT-000040,washer+dishwasher,context_before,4816719,2014-12-27 11:55:07,1419681307,445,0,80,69,0
REFIT-H1-COACT-000041,washer+dishwasher,context_before,4816719,2014-12-27 11:55:07,1419681307,445,0,80,69,0
REFIT-H1-COACT-000040,washer+dishwasher,context_before,4816720,2014-12-27 11:55:13,1419681313,450,0,84,72,0
REFIT-H1-COACT-000041,washer+dishwasher,context_before,4816720,2014-12-27 11:55:13,1419681313,450,0,84,72,0
REFIT-H1-COACT-000040,washer+dishwasher,context_before,4816721,2014-12-27 11:55:20,1419681320,461,0,26,72,0
REFIT-H1-COACT-000041,washer+dishwasher,context_before,4816721,2014-12-27 11:55:20,1419681320,461,0,26,72,0
REFIT-H1-COACT-000040,washer+dishwasher,context_before,4816722,2014-12-27 11:55:27,1419681327,2631,0,104,64,0
REFIT-H1-COACT-000041,washer+dishwasher,context_before,4816722,2014-12-27 11:55:27,1419681327,2631,0,104,64,0
REFIT-H1-COACT-000040,washer+dishwasher,candidate_window,4816723,2014-12-27 11:55:34,1419681334,2535,0,106,2236,0
REFIT-H1-COACT-000041,washer+dishwasher,context_before,4816723,2014-12-27 11:55:34,1419681334,2535,0,106,2236,0
REFIT-H1-COACT-000040,washer+dishwasher,context_after,4816724,2014-12-27 11:55:40,1419681340,2534,0,88,2216,0
REFIT-H1-COACT-000041,washer+dishwasher,context_before,4816724,2014-12-27 11:55:40,1419681340,2534,0,88,2216,0
REFIT-H1-COACT-000040,washer+dishwasher,context_after,4816725,2014-12-27 11:55:47,1419681347,2563,0,89,2197,0
REFIT-H1-COACT-000041,washer+dishwasher,context_before,4816725,2014-12-27 11:55:47,1419681347,2563,0,89,2197,0
REFIT-H1-COACT-000040,washer+dishwasher,context_after,4816726,2014-12-27 11:55:54,1419681354,2511,0,82,2228,0
REFIT-H1-COACT-000041,washer+dishwasher,context_before,4816726,2014-12-27 11:55:54,1419681354,2511,0,82,2228,0
REFIT-H1-COACT-000040,washer+dishwasher,context_after,4816727,2014-12-27 11:56:00,1419681360,2511,0,82,2181,0
REFIT-H1-COACT-000041,washer+dishwasher,context_before,4816727,2014-12-27 11:56:00,1419681360,2511,0,82,2181,0
REFIT-H1-COACT-000040,washer+dishwasher,context_after,4816728,2014-12-27 11:56:07,1419681367,2567,0,135,2155,0
REFIT-H1-COACT-000041,washer+dishwasher,candidate_window,4816728,2014-12-27 11:56:07,1419681367,2567,0,135,2155,0
REFIT-H1-COACT-000040,washer+dishwasher,context_after,4816729,2014-12-27 11:56:14,1419681374,2663,0,122,2208,0
REFIT-H1-COACT-000041,washer+dishwasher,candidate_window,4816729,2014-12-27 11:56:14,1419681374,2663,0,122,2208,0
REFIT-H1-COACT-000040,washer+dishwasher,context_after,4816730,2014-12-27 11:56:21,1419681381,2663,0,150,2208,0
REFIT-H1-COACT-000041,washer+dishwasher,candidate_window,4816730,2014-12-27 11:56:21,1419681381,2663,0,150,2208,0
REFIT-H1-COACT-000040,washer+dishwasher,context_after,4816731,2014-12-27 11:56:27,1419681387,2596,0,158,2216,0
REFIT-H1-COACT-000041,washer+dishwasher,candidate_window,4816731,2014-12-27 11:56:27,1419681387,2596,0,158,2216,0
REFIT-H1-COACT-000040,washer+dishwasher,context_after,4816732,2014-12-27 11:56:34,1419681394,2596,0,178,2193,0
REFIT-H1-COACT-000041,washer+dishwasher,candidate_window,4816732,2014-12-27 11:56:34,1419681394,2596,0,178,2193,0
REFIT-H1-COACT-000040,washer+dishwasher,context_after,4816733,2014-12-27 11:56:41,1419681401,2603,0,178,2236,0
REFIT-H1-COACT-000041,washer+dishwasher,candidate_window,4816733,2014-12-27 11:56:41,1419681401,2603,0,178,2236,0
REFIT-H1-COACT-000040,washer+dishwasher,context_after,4816734,2014-12-27 11:56:47,1419681407,2594,0,196,2204,0
REFIT-H1-COACT-000041,washer+dishwasher,candidate_window,4816734,2014-12-27 11:56:47,1419681407,2594,0,196,2204,0
REFIT-H1-COACT-000040,washer+dishwasher,context_after,4816735,2014-12-27 11:56:54,1419681414,2594,0,214,2178,0
REFIT-H1-COACT-000041,washer+dishwasher,candidate_window,4816735,2014-12-27 11:56:54,1419681414,2594,0,214,2178,0
REFIT-H1-COACT-000040,washer+dishwasher,context_after,4816736,2014-12-27 11:57:01,1419681421,2594,0,209,2208,0
REFIT-H1-COACT-000041,washer+dishwasher,candidate_window,4816736,2014-12-27 11:57:01,1419681421,2594,0,209,2208,0
REFIT-H1-COACT-000040,washer+dishwasher,context_after,4816737,2014-12-27 11:57:07,1419681427,2624,0,213,2189,0
REFIT-H1-COACT-000041,washer+dishwasher,candidate_window,4816737,2014-12-27 11:57:07,1419681427,2624,0,213,2189,0
REFIT-H1-COACT-000040,washer+dishwasher,context_after,4816738,2014-12-27 11:57:14,1419681434,2615,0,234,2189,0
REFIT-H1-COACT-000041,washer+dishwasher,candidate_window,4816738,2014-12-27 11:57:14,1419681434,2615,0,234,2189,0
REFIT-H1-COACT-000040,washer+dishwasher,context_after,4816739,2014-12-27 11:57:21,1419681441,2608,0,196,2212,0
REFIT-H1-COACT-000041,washer+dishwasher,candidate_window,4816739,2014-12-27 11:57:21,1419681441,2608,0,196,2212,0
REFIT-H1-COACT-000040,washer+dishwasher,context_after,4816740,2014-12-27 11:57:27,1419681447,2600,0,225,2212,0
REFIT-H1-COACT-000041,washer+dishwasher,candidate_window,4816740,2014-12-27 11:57:27,1419681447,2600,0,225,2212,0
REFIT-H1-COACT-000040,washer+dishwasher,context_after,4816741,2014-12-27 11:57:34,1419681454,2605,0,220,2181,0
REFIT-H1-COACT-000041,washer+dishwasher,candidate_window,4816741,2014-12-27 11:57:34,1419681454,2605,0,220,2181,0
REFIT-H1-COACT-000040,washer+dishwasher,context_after,4816742,2014-12-27 11:57:41,1419681461,2602,0,214,2181,0
REFIT-H1-COACT-000041,washer+dishwasher,candidate_window,4816742,2014-12-27 11:57:41,1419681461,2602,0,214,2181,0
REFIT-H1-COACT-000040,washer+dishwasher,context_after,4816743,2014-12-27 11:57:47,1419681467,2597,0,215,2189,0
REFIT-H1-COACT-000041,washer+dishwasher,candidate_window,4816743,2014-12-27 11:57:47,1419681467,2597,0,215,2189,0
REFIT-H1-COACT-000040,washer+dishwasher,context_after,4816744,2014-12-27 11:57:54,1419681474,2614,0,289,2174,0
REFIT-H1-COACT-000041,washer+dishwasher,candidate_window,4816744,2014-12-27 11:57:54,1419681474,2614,0,289,2174,0
REFIT-H1-COACT-000040,washer+dishwasher,context_after,4816745,2014-12-27 11:58:01,1419681481,2708,0,289,2159,0
REFIT-H1-COACT-000041,washer+dishwasher,candidate_window,4816745,2014-12-27 11:58:01,1419681481,2708,0,289,2159,0
REFIT-H1-COACT-000040,washer+dishwasher,context_after,4816746,2014-12-27 11:58:07,1419681487,2747,0,315,2159,0
REFIT-H1-COACT-000041,washer+dishwasher,candidate_window,4816746,2014-12-27 11:58:07,1419681487,2747,0,315,2159,0
REFIT-H1-COACT-000040,washer+dishwasher,context_after,4816747,2014-12-27 11:58:14,1419681494,2853,0,340,2189,0
REFIT-H1-COACT-000041,washer+dishwasher,candidate_window,4816747,2014-12-27 11:58:14,1419681494,2853,0,340,2189,0
REFIT-H1-COACT-000040,washer+dishwasher,context_after,4816748,2014-12-27 11:58:21,1419681501,2853,0,411,2201,0
REFIT-H1-COACT-000041,washer+dishwasher,candidate_window,4816748,2014-12-27 11:58:21,1419681501,2853,0,411,2201,0
REFIT-H1-COACT-000040,washer+dishwasher,context_after,4816749,2014-12-27 11:58:27,1419681507,2915,0,409,2201,0
REFIT-H1-COACT-000041,washer+dishwasher,candidate_window,4816749,2014-12-27 11:58:27,1419681507,2915,0,409,2201,0
REFIT-H1-COACT-000040,washer+dishwasher,context_after,4816750,2014-12-27 11:58:34,1419681514,2861,0,351,2163,0
REFIT-H1-COACT-000041,washer+dishwasher,candidate_window,4816750,2014-12-27 11:58:34,1419681514,2861,0,351,2163,0
REFIT-H1-COACT-000040,washer+dishwasher,context_after,4816751,2014-12-27 11:58:41,1419681521,2883,0,371,2163,0
REFIT-H1-COACT-000041,washer+dishwasher,candidate_window,4816751,2014-12-27 11:58:41,1419681521,2883,0,371,2163,0
REFIT-H1-COACT-000040,washer+dishwasher,context_after,4816752,2014-12-27 11:58:48,1419681528,2751,0,368,2163,0
REFIT-H1-COACT-000041,washer+dishwasher,candidate_window,4816752,2014-12-27 11:58:48,1419681528,2751,0,368,2163,0
REFIT-H1-COACT-000040,washer+dishwasher,context_after,4816753,2014-12-27 11:58:54,1419681534,2789,0,386,2151,0
REFIT-H1-COACT-000041,washer+dishwasher,candidate_window,4816753,2014-12-27 11:58:54,1419681534,2789,0,386,2151,0
REFIT-H1-COACT-000041,washer+dishwasher,candidate_window,4816754,2014-12-27 11:59:01,1419681541,2828,0,360,2174,0
REFIT-H1-COACT-000041,washer+dishwasher,candidate_window,4816755,2014-12-27 11:59:08,1419681548,2841,0,349,2185,0
REFIT-H1-COACT-000041,washer+dishwasher,candidate_window,4816756,2014-12-27 11:59:15,1419681555,2746,0,350,2159,0
REFIT-H1-COACT-000041,washer+dishwasher,candidate_window,4816757,2014-12-27 11:59:21,1419681561,2779,0,347,2159,0
REFIT-H1-COACT-000041,washer+dishwasher,candidate_window,4816758,2014-12-27 11:59:28,1419681568,2791,0,367,2178,0
REFIT-H1-COACT-000041,washer+dishwasher,candidate_window,4816759,2014-12-27 11:59:35,1419681575,2881,0,472,2174,0
REFIT-H1-COACT-000041,washer+dishwasher,candidate_window,4816760,2014-12-27 11:59:42,1419681582,2952,0,452,2220,0
REFIT-H1-COACT-000041,washer+dishwasher,candidate_window,4816761,2014-12-27 11:59:48,1419681588,3076,0,506,2166,0
REFIT-H1-COACT-000041,washer+dishwasher,candidate_window,4816762,2014-12-27 11:59:55,1419681595,3019,0,433,2137,0
REFIT-H1-COACT-000041,washer+dishwasher,candidate_window,4816763,2014-12-27 12:00:02,1419681602,2941,0,467,2185,0
REFIT-H1-COACT-000041,washer+dishwasher,candidate_window,4816764,2014-12-27 12:00:08,1419681608,3004,0,471,2189,0
REFIT-H1-COACT-000041,washer+dishwasher,candidate_window,4816765,2014-12-27 12:00:15,1419681615,2965,0,451,2212,0
REFIT-H1-COACT-000041,washer+dishwasher,candidate_window,4816766,2014-12-27 12:00:22,1419681622,2952,0,451,2193,0
REFIT-H1-COACT-000041,washer+dishwasher,candidate_window,4816767,2014-12-27 12:00:29,1419681629,3016,0,459,2216,0
REFIT-H1-COACT-000041,washer+dishwasher,candidate_window,4816768,2014-12-27 12:00:35,1419681635,2976,0,469,2178,0
REFIT-H1-COACT-000041,washer+dishwasher,candidate_window,4816769,2014-12-27 12:00:42,1419681642,3062,0,462,2204,0
REFIT-H1-COACT-000041,washer+dishwasher,candidate_window,4816770,2014-12-27 12:00:49,1419681649,2950,0,448,2204,0
REFIT-H1-COACT-000042,washer+dishwasher,context_before,4816770,2014-12-27 12:00:49,1419681649,2950,0,448,2204,0
REFIT-H1-COACT-000041,washer+dishwasher,candidate_window,4816771,2014-12-27 12:00:55,1419681655,3020,0,508,2204,0
REFIT-H1-COACT-000042,washer+dishwasher,context_before,4816771,2014-12-27 12:00:55,1419681655,3020,0,508,2204,0
REFIT-H1-COACT-000041,washer+dishwasher,candidate_window,4816772,2014-12-27 12:01:02,1419681662,3177,0,558,2212,0
REFIT-H1-COACT-000042,washer+dishwasher,context_before,4816772,2014-12-27 12:01:02,1419681662,3177,0,558,2212,0
REFIT-H1-COACT-000043,washer+dishwasher,context_before,4816772,2014-12-27 12:01:02,1419681662,3177,0,558,2212,0
REFIT-H1-COACT-000041,washer+dishwasher,candidate_window,4816773,2014-12-27 12:01:09,1419681669,3124,0,573,2212,0
REFIT-H1-COACT-000042,washer+dishwasher,context_before,4816773,2014-12-27 12:01:09,1419681669,3124,0,573,2212,0
REFIT-H1-COACT-000043,washer+dishwasher,context_before,4816773,2014-12-27 12:01:09,1419681669,3124,0,573,2212,0
REFIT-H1-COACT-000041,washer+dishwasher,candidate_window,4816774,2014-12-27 12:01:15,1419681675,3164,0,598,2212,0
REFIT-H1-COACT-000042,washer+dishwasher,context_before,4816774,2014-12-27 12:01:15,1419681675,3164,0,598,2212,0
REFIT-H1-COACT-000043,washer+dishwasher,context_before,4816774,2014-12-27 12:01:15,1419681675,3164,0,598,2212,0
REFIT-H1-COACT-000044,washer+dishwasher,context_before,4816774,2014-12-27 12:01:15,1419681675,3164,0,598,2212,0
REFIT-H1-COACT-000041,washer+dishwasher,candidate_window,4816775,2014-12-27 12:01:22,1419681682,3059,0,557,2212,0
REFIT-H1-COACT-000042,washer+dishwasher,context_before,4816775,2014-12-27 12:01:22,1419681682,3059,0,557,2212,0
REFIT-H1-COACT-000043,washer+dishwasher,context_before,4816775,2014-12-27 12:01:22,1419681682,3059,0,557,2212,0
REFIT-H1-COACT-000044,washer+dishwasher,context_before,4816775,2014-12-27 12:01:22,1419681682,3059,0,557,2212,0
REFIT-H1-COACT-000041,washer+dishwasher,candidate_window,4816776,2014-12-27 12:01:29,1419681689,3059,0,548,2170,0
REFIT-H1-COACT-000042,washer+dishwasher,context_before,4816776,2014-12-27 12:01:29,1419681689,3059,0,548,2170,0
REFIT-H1-COACT-000043,washer+dishwasher,context_before,4816776,2014-12-27 12:01:29,1419681689,3059,0,548,2170,0
REFIT-H1-COACT-000044,washer+dishwasher,context_before,4816776,2014-12-27 12:01:29,1419681689,3059,0,548,2170,0
REFIT-H1-COACT-000041,washer+dishwasher,candidate_window,4816777,2014-12-27 12:01:35,1419681695,3050,0,548,2208,0
REFIT-H1-COACT-000042,washer+dishwasher,context_before,4816777,2014-12-27 12:01:35,1419681695,3050,0,548,2208,0
REFIT-H1-COACT-000043,washer+dishwasher,context_before,4816777,2014-12-27 12:01:35,1419681695,3050,0,548,2208,0
REFIT-H1-COACT-000044,washer+dishwasher,context_before,4816777,2014-12-27 12:01:35,1419681695,3050,0,548,2208,0
REFIT-H1-COACT-000041,washer+dishwasher,candidate_window,4816778,2014-12-27 12:01:42,1419681702,3073,0,548,2208,0
REFIT-H1-COACT-000042,washer+dishwasher,context_before,4816778,2014-12-27 12:01:42,1419681702,3073,0,548,2208,0
REFIT-H1-COACT-000043,washer+dishwasher,context_before,4816778,2014-12-27 12:01:42,1419681702,3073,0,548,2208,0
REFIT-H1-COACT-000044,washer+dishwasher,context_before,4816778,2014-12-27 12:01:42,1419681702,3073,0,548,2208,0
REFIT-H1-COACT-000041,washer+dishwasher,candidate_window,4816779,2014-12-27 12:01:49,1419681709,3148,0,548,2181,0
REFIT-H1-COACT-000042,washer+dishwasher,context_before,4816779,2014-12-27 12:01:49,1419681709,3148,0,548,2181,0
REFIT-H1-COACT-000043,washer+dishwasher,context_before,4816779,2014-12-27 12:01:49,1419681709,3148,0,548,2181,0
REFIT-H1-COACT-000044,washer+dishwasher,context_before,4816779,2014-12-27 12:01:49,1419681709,3148,0,548,2181,0
REFIT-H1-COACT-000041,washer+dishwasher,candidate_window,4816780,2014-12-27 12:01:55,1419681715,3058,0,545,2170,0
REFIT-H1-COACT-000042,washer+dishwasher,context_before,4816780,2014-12-27 12:01:55,1419681715,3058,0,545,2170,0
REFIT-H1-COACT-000043,washer+dishwasher,context_before,4816780,2014-12-27 12:01:55,1419681715,3058,0,545,2170,0
REFIT-H1-COACT-000044,washer+dishwasher,context_before,4816780,2014-12-27 12:01:55,1419681715,3058,0,545,2170,0
REFIT-H1-COACT-000041,washer+dishwasher,candidate_window,4816781,2014-12-27 12:02:02,1419681722,3139,0,545,2170,0
REFIT-H1-COACT-000042,washer+dishwasher,context_before,4816781,2014-12-27 12:02:02,1419681722,3139,0,545,2170,0
REFIT-H1-COACT-000043,washer+dishwasher,context_before,4816781,2014-12-27 12:02:02,1419681722,3139,0,545,2170,0
REFIT-H1-COACT-000044,washer+dishwasher,context_before,4816781,2014-12-27 12:02:02,1419681722,3139,0,545,2170,0
REFIT-H1-COACT-000041,washer+dishwasher,candidate_window,4816782,2014-12-27 12:02:09,1419681729,3099,0,538,2193,0
REFIT-H1-COACT-000042,washer+dishwasher,context_before,4816782,2014-12-27 12:02:09,1419681729,3099,0,538,2193,0
REFIT-H1-COACT-000043,washer+dishwasher,context_before,4816782,2014-12-27 12:02:09,1419681729,3099,0,538,2193,0
REFIT-H1-COACT-000044,washer+dishwasher,context_before,4816782,2014-12-27 12:02:09,1419681729,3099,0,538,2193,0
REFIT-H1-COACT-000041,washer+dishwasher,candidate_window,4816783,2014-12-27 12:02:16,1419681736,3039,0,536,2189,0
REFIT-H1-COACT-000042,washer+dishwasher,context_before,4816783,2014-12-27 12:02:16,1419681736,3039,0,536,2189,0
REFIT-H1-COACT-000043,washer+dishwasher,context_before,4816783,2014-12-27 12:02:16,1419681736,3039,0,536,2189,0
REFIT-H1-COACT-000044,washer+dishwasher,context_before,4816783,2014-12-27 12:02:16,1419681736,3039,0,536,2189,0
REFIT-H1-COACT-000041,washer+dishwasher,candidate_window,4816784,2014-12-27 12:02:22,1419681742,3059,0,538,2197,0
REFIT-H1-COACT-000042,washer+dishwasher,context_before,4816784,2014-12-27 12:02:22,1419681742,3059,0,538,2197,0
REFIT-H1-COACT-000043,washer+dishwasher,context_before,4816784,2014-12-27 12:02:22,1419681742,3059,0,538,2197,0
REFIT-H1-COACT-000044,washer+dishwasher,context_before,4816784,2014-12-27 12:02:22,1419681742,3059,0,538,2197,0
REFIT-H1-COACT-000041,washer+dishwasher,candidate_window,4816785,2014-12-27 12:02:29,1419681749,3054,0,546,2185,0
REFIT-H1-COACT-000042,washer+dishwasher,context_before,4816785,2014-12-27 12:02:29,1419681749,3054,0,546,2185,0
REFIT-H1-COACT-000043,washer+dishwasher,context_before,4816785,2014-12-27 12:02:29,1419681749,3054,0,546,2185,0
REFIT-H1-COACT-000044,washer+dishwasher,context_before,4816785,2014-12-27 12:02:29,1419681749,3054,0,546,2185,0
REFIT-H1-COACT-000041,washer+dishwasher,candidate_window,4816786,2014-12-27 12:02:35,1419681755,3150,0,552,2212,0
REFIT-H1-COACT-000042,washer+dishwasher,context_before,4816786,2014-12-27 12:02:35,1419681755,3150,0,552,2212,0
REFIT-H1-COACT-000043,washer+dishwasher,context_before,4816786,2014-12-27 12:02:35,1419681755,3150,0,552,2212,0
REFIT-H1-COACT-000044,washer+dishwasher,context_before,4816786,2014-12-27 12:02:35,1419681755,3150,0,552,2212,0
REFIT-H1-COACT-000041,washer+dishwasher,candidate_window,4816787,2014-12-27 12:02:42,1419681762,3078,0,547,2181,0
REFIT-H1-COACT-000042,washer+dishwasher,context_before,4816787,2014-12-27 12:02:42,1419681762,3078,0,547,2181,0
REFIT-H1-COACT-000043,washer+dishwasher,context_before,4816787,2014-12-27 12:02:42,1419681762,3078,0,547,2181,0
REFIT-H1-COACT-000044,washer+dishwasher,context_before,4816787,2014-12-27 12:02:42,1419681762,3078,0,547,2181,0
REFIT-H1-COACT-000041,washer+dishwasher,candidate_window,4816788,2014-12-27 12:02:49,1419681769,3064,0,538,2174,0
REFIT-H1-COACT-000042,washer+dishwasher,context_before,4816788,2014-12-27 12:02:49,1419681769,3064,0,538,2174,0
REFIT-H1-COACT-000043,washer+dishwasher,context_before,4816788,2014-12-27 12:02:49,1419681769,3064,0,538,2174,0
REFIT-H1-COACT-000044,washer+dishwasher,context_before,4816788,2014-12-27 12:02:49,1419681769,3064,0,538,2174,0
REFIT-H1-COACT-000041,washer+dishwasher,candidate_window,4816789,2014-12-27 12:02:56,1419681776,3080,0,540,2174,0
REFIT-H1-COACT-000042,washer+dishwasher,context_before,4816789,2014-12-27 12:02:56,1419681776,3080,0,540,2174,0
REFIT-H1-COACT-000043,washer+dishwasher,context_before,4816789,2014-12-27 12:02:56,1419681776,3080,0,540,2174,0
REFIT-H1-COACT-000044,washer+dishwasher,context_before,4816789,2014-12-27 12:02:56,1419681776,3080,0,540,2174,0
REFIT-H1-COACT-000041,washer+dishwasher,candidate_window,4816790,2014-12-27 12:03:02,1419681782,3116,0,538,2166,0
REFIT-H1-COACT-000042,washer+dishwasher,context_before,4816790,2014-12-27 12:03:02,1419681782,3116,0,538,2166,0
REFIT-H1-COACT-000043,washer+dishwasher,context_before,4816790,2014-12-27 12:03:02,1419681782,3116,0,538,2166,0
REFIT-H1-COACT-000044,washer+dishwasher,context_before,4816790,2014-12-27 12:03:02,1419681782,3116,0,538,2166,0
REFIT-H1-COACT-000041,washer+dishwasher,candidate_window,4816791,2014-12-27 12:03:09,1419681789,3116,0,540,2197,0
REFIT-H1-COACT-000042,washer+dishwasher,context_before,4816791,2014-12-27 12:03:09,1419681789,3116,0,540,2197,0
REFIT-H1-COACT-000043,washer+dishwasher,context_before,4816791,2014-12-27 12:03:09,1419681789,3116,0,540,2197,0
REFIT-H1-COACT-000044,washer+dishwasher,context_before,4816791,2014-12-27 12:03:09,1419681789,3116,0,540,2197,0
REFIT-H1-COACT-000041,washer+dishwasher,candidate_window,4816792,2014-12-27 12:03:16,1419681796,3102,0,539,2197,0
REFIT-H1-COACT-000042,washer+dishwasher,context_before,4816792,2014-12-27 12:03:16,1419681796,3102,0,539,2197,0
REFIT-H1-COACT-000043,washer+dishwasher,context_before,4816792,2014-12-27 12:03:16,1419681796,3102,0,539,2197,0
REFIT-H1-COACT-000044,washer+dishwasher,context_before,4816792,2014-12-27 12:03:16,1419681796,3102,0,539,2197,0
REFIT-H1-COACT-000041,washer+dishwasher,candidate_window,4816793,2014-12-27 12:03:22,1419681802,3103,0,534,2159,0
REFIT-H1-COACT-000042,washer+dishwasher,context_before,4816793,2014-12-27 12:03:22,1419681802,3103,0,534,2159,0
REFIT-H1-COACT-000043,washer+dishwasher,context_before,4816793,2014-12-27 12:03:22,1419681802,3103,0,534,2159,0
REFIT-H1-COACT-000044,washer+dishwasher,context_before,4816793,2014-12-27 12:03:22,1419681802,3103,0,534,2159,0
REFIT-H1-COACT-000041,washer+dishwasher,context_after,4816794,2014-12-27 12:03:29,1419681809,3103,0,50,2193,0
REFIT-H1-COACT-000042,washer+dishwasher,context_before,4816794,2014-12-27 12:03:29,1419681809,3103,0,50,2193,0
REFIT-H1-COACT-000043,washer+dishwasher,context_before,4816794,2014-12-27 12:03:29,1419681809,3103,0,50,2193,0
REFIT-H1-COACT-000044,washer+dishwasher,context_before,4816794,2014-12-27 12:03:29,1419681809,3103,0,50,2193,0
REFIT-H1-COACT-000041,washer+dishwasher,context_after,4816795,2014-12-27 12:03:36,1419681816,2426,0,26,2193,0
REFIT-H1-COACT-000042,washer+dishwasher,context_before,4816795,2014-12-27 12:03:36,1419681816,2426,0,26,2193,0
REFIT-H1-COACT-000043,washer+dishwasher,context_before,4816795,2014-12-27 12:03:36,1419681816,2426,0,26,2193,0
REFIT-H1-COACT-000044,washer+dishwasher,context_before,4816795,2014-12-27 12:03:36,1419681816,2426,0,26,2193,0
REFIT-H1-COACT-000041,washer+dishwasher,context_after,4816796,2014-12-27 12:03:42,1419681822,2441,0,26,2181,0
REFIT-H1-COACT-000042,washer+dishwasher,context_before,4816796,2014-12-27 12:03:42,1419681822,2441,0,26,2181,0
REFIT-H1-COACT-000043,washer+dishwasher,context_before,4816796,2014-12-27 12:03:42,1419681822,2441,0,26,2181,0
REFIT-H1-COACT-000044,washer+dishwasher,context_before,4816796,2014-12-27 12:03:42,1419681822,2441,0,26,2181,0
REFIT-H1-COACT-000041,washer+dishwasher,context_after,4816797,2014-12-27 12:03:49,1419681829,2435,0,26,2204,0
REFIT-H1-COACT-000042,washer+dishwasher,context_before,4816797,2014-12-27 12:03:49,1419681829,2435,0,26,2204,0
REFIT-H1-COACT-000043,washer+dishwasher,context_before,4816797,2014-12-27 12:03:49,1419681829,2435,0,26,2204,0
REFIT-H1-COACT-000044,washer+dishwasher,context_before,4816797,2014-12-27 12:03:49,1419681829,2435,0,26,2204,0
REFIT-H1-COACT-000041,washer+dishwasher,context_after,4816798,2014-12-27 12:03:56,1419681836,2438,0,26,2170,0
REFIT-H1-COACT-000042,washer+dishwasher,context_before,4816798,2014-12-27 12:03:56,1419681836,2438,0,26,2170,0
REFIT-H1-COACT-000043,washer+dishwasher,context_before,4816798,2014-12-27 12:03:56,1419681836,2438,0,26,2170,0
REFIT-H1-COACT-000044,washer+dishwasher,context_before,4816798,2014-12-27 12:03:56,1419681836,2438,0,26,2170,0
REFIT-H1-COACT-000041,washer+dishwasher,context_after,4816799,2014-12-27 12:04:02,1419681842,2630,0,26,2170,0
REFIT-H1-COACT-000042,washer+dishwasher,context_before,4816799,2014-12-27 12:04:02,1419681842,2630,0,26,2170,0
REFIT-H1-COACT-000043,washer+dishwasher,context_before,4816799,2014-12-27 12:04:02,1419681842,2630,0,26,2170,0
REFIT-H1-COACT-000044,washer+dishwasher,context_before,4816799,2014-12-27 12:04:02,1419681842,2630,0,26,2170,0
REFIT-H1-COACT-000041,washer+dishwasher,context_after,4816800,2014-12-27 12:04:09,1419681849,2838,0,176,2170,0
REFIT-H1-COACT-000042,washer+dishwasher,candidate_window,4816800,2014-12-27 12:04:09,1419681849,2838,0,176,2170,0
REFIT-H1-COACT-000043,washer+dishwasher,context_before,4816800,2014-12-27 12:04:09,1419681849,2838,0,176,2170,0
REFIT-H1-COACT-000044,washer+dishwasher,context_before,4816800,2014-12-27 12:04:09,1419681849,2838,0,176,2170,0
REFIT-H1-COACT-000041,washer+dishwasher,context_after,4816801,2014-12-27 12:04:16,1419681856,2838,0,26,2170,0
REFIT-H1-COACT-000042,washer+dishwasher,context_after,4816801,2014-12-27 12:04:16,1419681856,2838,0,26,2170,0
REFIT-H1-COACT-000043,washer+dishwasher,context_before,4816801,2014-12-27 12:04:16,1419681856,2838,0,26,2170,0
REFIT-H1-COACT-000044,washer+dishwasher,context_before,4816801,2014-12-27 12:04:16,1419681856,2838,0,26,2170,0
REFIT-H1-COACT-000041,washer+dishwasher,context_after,4816802,2014-12-27 12:04:23,1419681863,2801,0,220,2181,0
REFIT-H1-COACT-000042,washer+dishwasher,context_after,4816802,2014-12-27 12:04:23,1419681863,2801,0,220,2181,0
REFIT-H1-COACT-000043,washer+dishwasher,candidate_window,4816802,2014-12-27 12:04:23,1419681863,2801,0,220,2181,0
REFIT-H1-COACT-000044,washer+dishwasher,context_before,4816802,2014-12-27 12:04:23,1419681863,2801,0,220,2181,0
REFIT-H1-COACT-000041,washer+dishwasher,context_after,4816803,2014-12-27 12:04:29,1419681869,2605,0,26,2204,0
REFIT-H1-COACT-000042,washer+dishwasher,context_after,4816803,2014-12-27 12:04:29,1419681869,2605,0,26,2204,0
REFIT-H1-COACT-000043,washer+dishwasher,context_after,4816803,2014-12-27 12:04:29,1419681869,2605,0,26,2204,0
REFIT-H1-COACT-000044,washer+dishwasher,context_before,4816803,2014-12-27 12:04:29,1419681869,2605,0,26,2204,0
REFIT-H1-COACT-000041,washer+dishwasher,context_after,4816804,2014-12-27 12:04:36,1419681876,3209,0,204,2204,0
REFIT-H1-COACT-000042,washer+dishwasher,context_after,4816804,2014-12-27 12:04:36,1419681876,3209,0,204,2204,0
REFIT-H1-COACT-000043,washer+dishwasher,context_after,4816804,2014-12-27 12:04:36,1419681876,3209,0,204,2204,0
REFIT-H1-COACT-000044,washer+dishwasher,candidate_window,4816804,2014-12-27 12:04:36,1419681876,3209,0,204,2204,0
REFIT-H1-COACT-000041,washer+dishwasher,context_after,4816805,2014-12-27 12:04:43,1419681883,2668,0,26,2185,0
REFIT-H1-COACT-000042,washer+dishwasher,context_after,4816805,2014-12-27 12:04:43,1419681883,2668,0,26,2185,0
REFIT-H1-COACT-000043,washer+dishwasher,context_after,4816805,2014-12-27 12:04:43,1419681883,2668,0,26,2185,0
REFIT-H1-COACT-000044,washer+dishwasher,context_after,4816805,2014-12-27 12:04:43,1419681883,2668,0,26,2185,0
REFIT-H1-COACT-000041,washer+dishwasher,context_after,4816806,2014-12-27 12:04:50,1419681890,2743,0,26,2204,0
REFIT-H1-COACT-000042,washer+dishwasher,context_after,4816806,2014-12-27 12:04:50,1419681890,2743,0,26,2204,0
REFIT-H1-COACT-000043,washer+dishwasher,context_after,4816806,2014-12-27 12:04:50,1419681890,2743,0,26,2204,0
REFIT-H1-COACT-000044,washer+dishwasher,context_after,4816806,2014-12-27 12:04:50,1419681890,2743,0,26,2204,0
REFIT-H1-COACT-000041,washer+dishwasher,context_after,4816807,2014-12-27 12:04:56,1419681896,2643,0,3,2204,0
REFIT-H1-COACT-000042,washer+dishwasher,context_after,4816807,2014-12-27 12:04:56,1419681896,2643,0,3,2204,0
REFIT-H1-COACT-000043,washer+dishwasher,context_after,4816807,2014-12-27 12:04:56,1419681896,2643,0,3,2204,0
REFIT-H1-COACT-000044,washer+dishwasher,context_after,4816807,2014-12-27 12:04:56,1419681896,2643,0,3,2204,0
REFIT-H1-COACT-000041,washer+dishwasher,context_after,4816808,2014-12-27 12:05:03,1419681903,2594,0,1,2204,0
REFIT-H1-COACT-000042,washer+dishwasher,context_after,4816808,2014-12-27 12:05:03,1419681903,2594,0,1,2204,0
REFIT-H1-COACT-000043,washer+dishwasher,context_after,4816808,2014-12-27 12:05:03,1419681903,2594,0,1,2204,0
REFIT-H1-COACT-000044,washer+dishwasher,context_after,4816808,2014-12-27 12:05:03,1419681903,2594,0,1,2204,0
REFIT-H1-COACT-000041,washer+dishwasher,context_after,4816809,2014-12-27 12:05:10,1419681910,2556,0,1,2174,0
REFIT-H1-COACT-000042,washer+dishwasher,context_after,4816809,2014-12-27 12:05:10,1419681910,2556,0,1,2174,0
REFIT-H1-COACT-000043,washer+dishwasher,context_after,4816809,2014-12-27 12:05:10,1419681910,2556,0,1,2174,0
REFIT-H1-COACT-000044,washer+dishwasher,context_after,4816809,2014-12-27 12:05:10,1419681910,2556,0,1,2174,0
REFIT-H1-COACT-000041,washer+dishwasher,context_after,4816810,2014-12-27 12:05:16,1419681916,2554,0,1,2174,0
REFIT-H1-COACT-000042,washer+dishwasher,context_after,4816810,2014-12-27 12:05:16,1419681916,2554,0,1,2174,0
REFIT-H1-COACT-000043,washer+dishwasher,context_after,4816810,2014-12-27 12:05:16,1419681916,2554,0,1,2174,0
REFIT-H1-COACT-000044,washer+dishwasher,context_after,4816810,2014-12-27 12:05:16,1419681916,2554,0,1,2174,0
REFIT-H1-COACT-000041,washer+dishwasher,context_after,4816811,2014-12-27 12:05:23,1419681923,2555,0,1,2193,0
REFIT-H1-COACT-000042,washer+dishwasher,context_after,4816811,2014-12-27 12:05:23,1419681923,2555,0,1,2193,0
REFIT-H1-COACT-000043,washer+dishwasher,context_after,4816811,2014-12-27 12:05:23,1419681923,2555,0,1,2193,0
REFIT-H1-COACT-000044,washer+dishwasher,context_after,4816811,2014-12-27 12:05:23,1419681923,2555,0,1,2193,0
REFIT-H1-COACT-000041,washer+dishwasher,context_after,4816812,2014-12-27 12:05:30,1419681930,2599,0,1,2170,0
REFIT-H1-COACT-000042,washer+dishwasher,context_after,4816812,2014-12-27 12:05:30,1419681930,2599,0,1,2170,0
REFIT-H1-COACT-000043,washer+dishwasher,context_after,4816812,2014-12-27 12:05:30,1419681930,2599,0,1,2170,0
REFIT-H1-COACT-000044,washer+dishwasher,context_after,4816812,2014-12-27 12:05:30,1419681930,2599,0,1,2170,0
REFIT-H1-COACT-000041,washer+dishwasher,context_after,4816813,2014-12-27 12:05:37,1419681937,2582,0,1,2159,0
REFIT-H1-COACT-000042,washer+dishwasher,context_after,4816813,2014-12-27 12:05:37,1419681937,2582,0,1,2159,0
REFIT-H1-COACT-000043,washer+dishwasher,context_after,4816813,2014-12-27 12:05:37,1419681937,2582,0,1,2159,0
REFIT-H1-COACT-000044,washer+dishwasher,context_after,4816813,2014-12-27 12:05:37,1419681937,2582,0,1,2159,0
REFIT-H1-COACT-000041,washer+dishwasher,context_after,4816814,2014-12-27 12:05:43,1419681943,2574,0,1,2204,0
REFIT-H1-COACT-000042,washer+dishwasher,context_after,4816814,2014-12-27 12:05:43,1419681943,2574,0,1,2204,0
REFIT-H1-COACT-000043,washer+dishwasher,context_after,4816814,2014-12-27 12:05:43,1419681943,2574,0,1,2204,0
REFIT-H1-COACT-000044,washer+dishwasher,context_after,4816814,2014-12-27 12:05:43,1419681943,2574,0,1,2204,0
REFIT-H1-COACT-000041,washer+dishwasher,context_after,4816815,2014-12-27 12:05:50,1419681950,2632,0,1,2178,0
REFIT-H1-COACT-000042,washer+dishwasher,context_after,4816815,2014-12-27 12:05:50,1419681950,2632,0,1,2178,0
REFIT-H1-COACT-000043,washer+dishwasher,context_after,4816815,2014-12-27 12:05:50,1419681950,2632,0,1,2178,0
REFIT-H1-COACT-000044,washer+dishwasher,context_after,4816815,2014-12-27 12:05:50,1419681950,2632,0,1,2178,0
REFIT-H1-COACT-000041,washer+dishwasher,context_after,4816816,2014-12-27 12:05:57,1419681957,2638,0,0,2185,0
REFIT-H1-COACT-000042,washer+dishwasher,context_after,4816816,2014-12-27 12:05:57,1419681957,2638,0,0,2185,0
REFIT-H1-COACT-000043,washer+dishwasher,context_after,4816816,2014-12-27 12:05:57,1419681957,2638,0,0,2185,0
REFIT-H1-COACT-000044,washer+dishwasher,context_after,4816816,2014-12-27 12:05:57,1419681957,2638,0,0,2185,0
REFIT-H1-COACT-000041,washer+dishwasher,context_after,4816817,2014-12-27 12:06:04,1419681964,2615,0,0,2193,0
REFIT-H1-COACT-000042,washer+dishwasher,context_after,4816817,2014-12-27 12:06:04,1419681964,2615,0,0,2193,0
REFIT-H1-COACT-000043,washer+dishwasher,context_after,4816817,2014-12-27 12:06:04,1419681964,2615,0,0,2193,0
REFIT-H1-COACT-000044,washer+dishwasher,context_after,4816817,2014-12-27 12:06:04,1419681964,2615,0,0,2193,0
REFIT-H1-COACT-000041,washer+dishwasher,context_after,4816818,2014-12-27 12:06:10,1419681970,2585,0,0,2189,0
REFIT-H1-COACT-000042,washer+dishwasher,context_after,4816818,2014-12-27 12:06:10,1419681970,2585,0,0,2189,0
REFIT-H1-COACT-000043,washer+dishwasher,context_after,4816818,2014-12-27 12:06:10,1419681970,2585,0,0,2189,0
REFIT-H1-COACT-000044,washer+dishwasher,context_after,4816818,2014-12-27 12:06:10,1419681970,2585,0,0,2189,0
REFIT-H1-COACT-000041,washer+dishwasher,context_after,4816819,2014-12-27 12:06:17,1419681977,2569,0,0,2185,0
REFIT-H1-COACT-000042,washer+dishwasher,context_after,4816819,2014-12-27 12:06:17,1419681977,2569,0,0,2185,0
REFIT-H1-COACT-000043,washer+dishwasher,context_after,4816819,2014-12-27 12:06:17,1419681977,2569,0,0,2185,0
REFIT-H1-COACT-000044,washer+dishwasher,context_after,4816819,2014-12-27 12:06:17,1419681977,2569,0,0,2185,0
REFIT-H1-COACT-000041,washer+dishwasher,context_after,4816820,2014-12-27 12:06:24,1419681984,2589,0,0,2178,0
REFIT-H1-COACT-000042,washer+dishwasher,context_after,4816820,2014-12-27 12:06:24,1419681984,2589,0,0,2178,0
REFIT-H1-COACT-000043,washer+dishwasher,context_after,4816820,2014-12-27 12:06:24,1419681984,2589,0,0,2178,0
REFIT-H1-COACT-000044,washer+dishwasher,context_after,4816820,2014-12-27 12:06:24,1419681984,2589,0,0,2178,0
REFIT-H1-COACT-000041,washer+dishwasher,context_after,4816821,2014-12-27 12:06:31,1419681991,2555,0,0,2148,0
REFIT-H1-COACT-000042,washer+dishwasher,context_after,4816821,2014-12-27 12:06:31,1419681991,2555,0,0,2148,0
REFIT-H1-COACT-000043,washer+dishwasher,context_after,4816821,2014-12-27 12:06:31,1419681991,2555,0,0,2148,0
REFIT-H1-COACT-000044,washer+dishwasher,context_after,4816821,2014-12-27 12:06:31,1419681991,2555,0,0,2148,0
REFIT-H1-COACT-000041,washer+dishwasher,context_after,4816822,2014-12-27 12:06:37,1419681997,2555,0,0,2144,0
REFIT-H1-COACT-000042,washer+dishwasher,context_after,4816822,2014-12-27 12:06:37,1419681997,2555,0,0,2144,0
REFIT-H1-COACT-000043,washer+dishwasher,context_after,4816822,2014-12-27 12:06:37,1419681997,2555,0,0,2144,0
REFIT-H1-COACT-000044,washer+dishwasher,context_after,4816822,2014-12-27 12:06:37,1419681997,2555,0,0,2144,0
REFIT-H1-COACT-000041,washer+dishwasher,context_after,4816823,2014-12-27 12:06:44,1419682004,2569,0,0,2170,0
REFIT-H1-COACT-000042,washer+dishwasher,context_after,4816823,2014-12-27 12:06:44,1419682004,2569,0,0,2170,0
REFIT-H1-COACT-000043,washer+dishwasher,context_after,4816823,2014-12-27 12:06:44,1419682004,2569,0,0,2170,0
REFIT-H1-COACT-000044,washer+dishwasher,context_after,4816823,2014-12-27 12:06:44,1419682004,2569,0,0,2170,0
REFIT-H1-COACT-000042,washer+dishwasher,context_after,4816824,2014-12-27 12:06:51,1419682011,2564,0,0,2166,0
REFIT-H1-COACT-000043,washer+dishwasher,context_after,4816824,2014-12-27 12:06:51,1419682011,2564,0,0,2166,0
REFIT-H1-COACT-000044,washer+dishwasher,context_after,4816824,2014-12-27 12:06:51,1419682011,2564,0,0,2166,0
REFIT-H1-COACT-000042,washer+dishwasher,context_after,4816825,2014-12-27 12:06:57,1419682017,2564,0,0,2185,0
REFIT-H1-COACT-000043,washer+dishwasher,context_after,4816825,2014-12-27 12:06:57,1419682017,2564,0,0,2185,0
REFIT-H1-COACT-000044,washer+dishwasher,context_after,4816825,2014-12-27 12:06:57,1419682017,2564,0,0,2185,0
REFIT-H1-COACT-000042,washer+dishwasher,context_after,4816826,2014-12-27 12:07:04,1419682024,2625,0,0,2185,0
REFIT-H1-COACT-000043,washer+dishwasher,context_after,4816826,2014-12-27 12:07:04,1419682024,2625,0,0,2185,0
REFIT-H1-COACT-000044,washer+dishwasher,context_after,4816826,2014-12-27 12:07:04,1419682024,2625,0,0,2185,0
REFIT-H1-COACT-000042,washer+dishwasher,context_after,4816827,2014-12-27 12:07:11,1419682031,2765,0,0,2155,0
REFIT-H1-COACT-000043,washer+dishwasher,context_after,4816827,2014-12-27 12:07:11,1419682031,2765,0,0,2155,0
REFIT-H1-COACT-000044,washer+dishwasher,context_after,4816827,2014-12-27 12:07:11,1419682031,2765,0,0,2155,0
REFIT-H1-COACT-000042,washer+dishwasher,context_after,4816828,2014-12-27 12:07:17,1419682037,2767,0,0,2151,0
REFIT-H1-COACT-000043,washer+dishwasher,context_after,4816828,2014-12-27 12:07:17,1419682037,2767,0,0,2151,0
REFIT-H1-COACT-000044,washer+dishwasher,context_after,4816828,2014-12-27 12:07:17,1419682037,2767,0,0,2151,0
REFIT-H1-COACT-000042,washer+dishwasher,context_after,4816829,2014-12-27 12:07:24,1419682044,2691,0,0,2193,0
REFIT-H1-COACT-000043,washer+dishwasher,context_after,4816829,2014-12-27 12:07:24,1419682044,2691,0,0,2193,0
REFIT-H1-COACT-000044,washer+dishwasher,context_after,4816829,2014-12-27 12:07:24,1419682044,2691,0,0,2193,0
REFIT-H1-COACT-000042,washer+dishwasher,context_after,4816830,2014-12-27 12:07:31,1419682051,2697,0,0,2155,0
REFIT-H1-COACT-000043,washer+dishwasher,context_after,4816830,2014-12-27 12:07:31,1419682051,2697,0,0,2155,0
REFIT-H1-COACT-000044,washer+dishwasher,context_after,4816830,2014-12-27 12:07:31,1419682051,2697,0,0,2155,0
REFIT-H1-COACT-000043,washer+dishwasher,context_after,4816831,2014-12-27 12:07:37,1419682057,579,0,0,67,0
REFIT-H1-COACT-000044,washer+dishwasher,context_after,4816831,2014-12-27 12:07:37,1419682057,579,0,0,67,0
REFIT-H1-COACT-000043,washer+dishwasher,context_after,4816832,2014-12-27 12:07:44,1419682064,583,0,0,67,0
REFIT-H1-COACT-000044,washer+dishwasher,context_after,4816832,2014-12-27 12:07:44,1419682064,583,0,0,67,0
REFIT-H1-COACT-000044,washer+dishwasher,context_after,4816833,2014-12-27 12:07:51,1419682071,574,0,0,67,0
REFIT-H1-COACT-000044,washer+dishwasher,context_after,4816834,2014-12-27 12:07:58,1419682078,570,0,0,67,0
REFIT-H1-COACT-000045,dryer+washer,context_before,5161639,2015-01-23 11:48:30,1422013710,442,159,0,0,0
REFIT-H1-COACT-000045,dryer+washer,context_before,5161640,2015-01-23 11:48:37,1422013717,450,159,0,0,0
REFIT-H1-COACT-000045,dryer+washer,context_before,5161641,2015-01-23 11:48:44,1422013724,451,159,0,0,0
REFIT-H1-COACT-000046,dryer+washer,context_before,5161641,2015-01-23 11:48:44,1422013724,451,159,0,0,0
REFIT-H1-COACT-000045,dryer+washer,context_before,5161642,2015-01-23 11:48:51,1422013731,445,159,0,0,0
REFIT-H1-COACT-000046,dryer+washer,context_before,5161642,2015-01-23 11:48:51,1422013731,445,159,0,0,0
REFIT-H1-COACT-000045,dryer+washer,context_before,5161643,2015-01-23 11:48:57,1422013737,448,159,0,0,0
REFIT-H1-COACT-000046,dryer+washer,context_before,5161643,2015-01-23 11:48:57,1422013737,448,159,0,0,0
REFIT-H1-COACT-000045,dryer+washer,context_before,5161644,2015-01-23 11:49:04,1422013744,447,158,0,0,0
REFIT-H1-COACT-000046,dryer+washer,context_before,5161644,2015-01-23 11:49:04,1422013744,447,158,0,0,0
REFIT-H1-COACT-000047,dryer+washer,context_before,5161644,2015-01-23 11:49:04,1422013744,447,158,0,0,0
REFIT-H1-COACT-000045,dryer+washer,context_before,5161645,2015-01-23 11:49:11,1422013751,450,157,0,0,0
REFIT-H1-COACT-000046,dryer+washer,context_before,5161645,2015-01-23 11:49:11,1422013751,450,157,0,0,0
REFIT-H1-COACT-000047,dryer+washer,context_before,5161645,2015-01-23 11:49:11,1422013751,450,157,0,0,0
REFIT-H1-COACT-000045,dryer+washer,context_before,5161646,2015-01-23 11:49:18,1422013758,430,37,0,0,0
REFIT-H1-COACT-000046,dryer+washer,context_before,5161646,2015-01-23 11:49:18,1422013758,430,37,0,0,0
REFIT-H1-COACT-000047,dryer+washer,context_before,5161646,2015-01-23 11:49:18,1422013758,430,37,0,0,0
REFIT-H1-COACT-000045,dryer+washer,context_before,5161647,2015-01-23 11:49:24,1422013764,432,146,0,0,0
REFIT-H1-COACT-000046,dryer+washer,context_before,5161647,2015-01-23 11:49:24,1422013764,432,146,0,0,0
REFIT-H1-COACT-000047,dryer+washer,context_before,5161647,2015-01-23 11:49:24,1422013764,432,146,0,0,0
REFIT-H1-COACT-000048,dryer+washer,context_before,5161647,2015-01-23 11:49:24,1422013764,432,146,0,0,0
REFIT-H1-COACT-000045,dryer+washer,context_before,5161648,2015-01-23 11:49:31,1422013771,432,150,0,0,0
REFIT-H1-COACT-000046,dryer+washer,context_before,5161648,2015-01-23 11:49:31,1422013771,432,150,0,0,0
REFIT-H1-COACT-000047,dryer+washer,context_before,5161648,2015-01-23 11:49:31,1422013771,432,150,0,0,0
REFIT-H1-COACT-000048,dryer+washer,context_before,5161648,2015-01-23 11:49:31,1422013771,432,150,0,0,0
REFIT-H1-COACT-000045,dryer+washer,context_before,5161649,2015-01-23 11:49:38,1422013778,431,150,0,0,0
REFIT-H1-COACT-000046,dryer+washer,context_before,5161649,2015-01-23 11:49:38,1422013778,431,150,0,0,0
REFIT-H1-COACT-000047,dryer+washer,context_before,5161649,2015-01-23 11:49:38,1422013778,431,150,0,0,0
REFIT-H1-COACT-000048,dryer+washer,context_before,5161649,2015-01-23 11:49:38,1422013778,431,150,0,0,0
REFIT-H1-COACT-000045,dryer+washer,context_before,5161650,2015-01-23 11:49:44,1422013784,437,150,0,0,0
REFIT-H1-COACT-000046,dryer+washer,context_before,5161650,2015-01-23 11:49:44,1422013784,437,150,0,0,0
REFIT-H1-COACT-000047,dryer+washer,context_before,5161650,2015-01-23 11:49:44,1422013784,437,150,0,0,0
REFIT-H1-COACT-000048,dryer+washer,context_before,5161650,2015-01-23 11:49:44,1422013784,437,150,0,0,0
REFIT-H1-COACT-000045,dryer+washer,context_before,5161651,2015-01-23 11:49:51,1422013791,434,149,0,0,0
REFIT-H1-COACT-000046,dryer+washer,context_before,5161651,2015-01-23 11:49:51,1422013791,434,149,0,0,0
REFIT-H1-COACT-000047,dryer+washer,context_before,5161651,2015-01-23 11:49:51,1422013791,434,149,0,0,0
REFIT-H1-COACT-000048,dryer+washer,context_before,5161651,2015-01-23 11:49:51,1422013791,434,149,0,0,0
REFIT-H1-COACT-000045,dryer+washer,context_before,5161652,2015-01-23 11:49:58,1422013798,439,148,0,0,0
REFIT-H1-COACT-000046,dryer+washer,context_before,5161652,2015-01-23 11:49:58,1422013798,439,148,0,0,0
REFIT-H1-COACT-000047,dryer+washer,context_before,5161652,2015-01-23 11:49:58,1422013798,439,148,0,0,0
REFIT-H1-COACT-000048,dryer+washer,context_before,5161652,2015-01-23 11:49:58,1422013798,439,148,0,0,0
REFIT-H1-COACT-000045,dryer+washer,context_before,5161653,2015-01-23 11:50:05,1422013805,437,151,0,0,0
REFIT-H1-COACT-000046,dryer+washer,context_before,5161653,2015-01-23 11:50:05,1422013805,437,151,0,0,0
REFIT-H1-COACT-000047,dryer+washer,context_before,5161653,2015-01-23 11:50:05,1422013805,437,151,0,0,0
REFIT-H1-COACT-000048,dryer+washer,context_before,5161653,2015-01-23 11:50:05,1422013805,437,151,0,0,0
REFIT-H1-COACT-000045,dryer+washer,context_before,5161654,2015-01-23 11:50:11,1422013811,438,148,0,0,0
REFIT-H1-COACT-000046,dryer+washer,context_before,5161654,2015-01-23 11:50:11,1422013811,438,148,0,0,0
REFIT-H1-COACT-000047,dryer+washer,context_before,5161654,2015-01-23 11:50:11,1422013811,438,148,0,0,0
REFIT-H1-COACT-000048,dryer+washer,context_before,5161654,2015-01-23 11:50:11,1422013811,438,148,0,0,0
REFIT-H1-COACT-000045,dryer+washer,context_before,5161655,2015-01-23 11:50:18,1422013818,437,150,0,0,0
REFIT-H1-COACT-000046,dryer+washer,context_before,5161655,2015-01-23 11:50:18,1422013818,437,150,0,0,0
REFIT-H1-COACT-000047,dryer+washer,context_before,5161655,2015-01-23 11:50:18,1422013818,437,150,0,0,0
REFIT-H1-COACT-000048,dryer+washer,context_before,5161655,2015-01-23 11:50:18,1422013818,437,150,0,0,0
REFIT-H1-COACT-000045,dryer+washer,context_before,5161656,2015-01-23 11:50:25,1422013825,430,148,0,0,0
REFIT-H1-COACT-000046,dryer+washer,context_before,5161656,2015-01-23 11:50:25,1422013825,430,148,0,0,0
REFIT-H1-COACT-000047,dryer+washer,context_before,5161656,2015-01-23 11:50:25,1422013825,430,148,0,0,0
REFIT-H1-COACT-000048,dryer+washer,context_before,5161656,2015-01-23 11:50:25,1422013825,430,148,0,0,0
REFIT-H1-COACT-000045,dryer+washer,context_before,5161657,2015-01-23 11:50:31,1422013831,431,148,0,0,0
REFIT-H1-COACT-000046,dryer+washer,context_before,5161657,2015-01-23 11:50:31,1422013831,431,148,0,0,0
REFIT-H1-COACT-000047,dryer+washer,context_before,5161657,2015-01-23 11:50:31,1422013831,431,148,0,0,0
REFIT-H1-COACT-000048,dryer+washer,context_before,5161657,2015-01-23 11:50:31,1422013831,431,148,0,0,0
REFIT-H1-COACT-000045,dryer+washer,context_before,5161658,2015-01-23 11:50:38,1422013838,439,149,0,0,0
REFIT-H1-COACT-000046,dryer+washer,context_before,5161658,2015-01-23 11:50:38,1422013838,439,149,0,0,0
REFIT-H1-COACT-000047,dryer+washer,context_before,5161658,2015-01-23 11:50:38,1422013838,439,149,0,0,0
REFIT-H1-COACT-000048,dryer+washer,context_before,5161658,2015-01-23 11:50:38,1422013838,439,149,0,0,0
REFIT-H1-COACT-000045,dryer+washer,context_before,5161659,2015-01-23 11:50:45,1422013845,456,148,0,0,0
REFIT-H1-COACT-000046,dryer+washer,context_before,5161659,2015-01-23 11:50:45,1422013845,456,148,0,0,0
REFIT-H1-COACT-000047,dryer+washer,context_before,5161659,2015-01-23 11:50:45,1422013845,456,148,0,0,0
REFIT-H1-COACT-000048,dryer+washer,context_before,5161659,2015-01-23 11:50:45,1422013845,456,148,0,0,0
REFIT-H1-COACT-000045,dryer+washer,context_before,5161660,2015-01-23 11:50:52,1422013852,457,149,0,0,0
REFIT-H1-COACT-000046,dryer+washer,context_before,5161660,2015-01-23 11:50:52,1422013852,457,149,0,0,0
REFIT-H1-COACT-000047,dryer+washer,context_before,5161660,2015-01-23 11:50:52,1422013852,457,149,0,0,0
REFIT-H1-COACT-000048,dryer+washer,context_before,5161660,2015-01-23 11:50:52,1422013852,457,149,0,0,0
REFIT-H1-COACT-000045,dryer+washer,context_before,5161661,2015-01-23 11:50:58,1422013858,454,149,0,0,0
REFIT-H1-COACT-000046,dryer+washer,context_before,5161661,2015-01-23 11:50:58,1422013858,454,149,0,0,0
REFIT-H1-COACT-000047,dryer+washer,context_before,5161661,2015-01-23 11:50:58,1422013858,454,149,0,0,0
REFIT-H1-COACT-000048,dryer+washer,context_before,5161661,2015-01-23 11:50:58,1422013858,454,149,0,0,0
REFIT-H1-COACT-000045,dryer+washer,context_before,5161662,2015-01-23 11:51:05,1422013865,459,147,0,0,0
REFIT-H1-COACT-000046,dryer+washer,context_before,5161662,2015-01-23 11:51:05,1422013865,459,147,0,0,0
REFIT-H1-COACT-000047,dryer+washer,context_before,5161662,2015-01-23 11:51:05,1422013865,459,147,0,0,0
REFIT-H1-COACT-000048,dryer+washer,context_before,5161662,2015-01-23 11:51:05,1422013865,459,147,0,0,0
REFIT-H1-COACT-000045,dryer+washer,context_before,5161663,2015-01-23 11:51:12,1422013872,454,150,0,0,0
REFIT-H1-COACT-000046,dryer+washer,context_before,5161663,2015-01-23 11:51:12,1422013872,454,150,0,0,0
REFIT-H1-COACT-000047,dryer+washer,context_before,5161663,2015-01-23 11:51:12,1422013872,454,150,0,0,0
REFIT-H1-COACT-000048,dryer+washer,context_before,5161663,2015-01-23 11:51:12,1422013872,454,150,0,0,0
REFIT-H1-COACT-000045,dryer+washer,context_before,5161664,2015-01-23 11:51:19,1422013879,338,40,4,0,0
REFIT-H1-COACT-000046,dryer+washer,context_before,5161664,2015-01-23 11:51:19,1422013879,338,40,4,0,0
REFIT-H1-COACT-000047,dryer+washer,context_before,5161664,2015-01-23 11:51:19,1422013879,338,40,4,0,0
REFIT-H1-COACT-000048,dryer+washer,context_before,5161664,2015-01-23 11:51:19,1422013879,338,40,4,0,0
REFIT-H1-COACT-000045,dryer+washer,context_before,5161665,2015-01-23 11:51:26,1422013886,341,40,11,0,0
REFIT-H1-COACT-000046,dryer+washer,context_before,5161665,2015-01-23 11:51:26,1422013886,341,40,11,0,0
REFIT-H1-COACT-000047,dryer+washer,context_before,5161665,2015-01-23 11:51:26,1422013886,341,40,11,0,0
REFIT-H1-COACT-000048,dryer+washer,context_before,5161665,2015-01-23 11:51:26,1422013886,341,40,11,0,0
REFIT-H1-COACT-000045,dryer+washer,context_before,5161666,2015-01-23 11:51:32,1422013892,323,40,4,0,0
REFIT-H1-COACT-000046,dryer+washer,context_before,5161666,2015-01-23 11:51:32,1422013892,323,40,4,0,0
REFIT-H1-COACT-000047,dryer+washer,context_before,5161666,2015-01-23 11:51:32,1422013892,323,40,4,0,0
REFIT-H1-COACT-000048,dryer+washer,context_before,5161666,2015-01-23 11:51:32,1422013892,323,40,4,0,0
REFIT-H1-COACT-000045,dryer+washer,context_before,5161667,2015-01-23 11:51:39,1422013899,2915,2664,4,0,0
REFIT-H1-COACT-000046,dryer+washer,context_before,5161667,2015-01-23 11:51:39,1422013899,2915,2664,4,0,0
REFIT-H1-COACT-000047,dryer+washer,context_before,5161667,2015-01-23 11:51:39,1422013899,2915,2664,4,0,0
REFIT-H1-COACT-000048,dryer+washer,context_before,5161667,2015-01-23 11:51:39,1422013899,2915,2664,4,0,0
REFIT-H1-COACT-000045,dryer+washer,context_before,5161668,2015-01-23 11:51:46,1422013906,2875,2676,11,0,0
REFIT-H1-COACT-000046,dryer+washer,context_before,5161668,2015-01-23 11:51:46,1422013906,2875,2676,11,0,0
REFIT-H1-COACT-000047,dryer+washer,context_before,5161668,2015-01-23 11:51:46,1422013906,2875,2676,11,0,0
REFIT-H1-COACT-000048,dryer+washer,context_before,5161668,2015-01-23 11:51:46,1422013906,2875,2676,11,0,0
REFIT-H1-COACT-000045,dryer+washer,candidate_window,5161669,2015-01-23 11:51:53,1422013913,3031,2687,105,0,0
REFIT-H1-COACT-000046,dryer+washer,context_before,5161669,2015-01-23 11:51:53,1422013913,3031,2687,105,0,0
REFIT-H1-COACT-000047,dryer+washer,context_before,5161669,2015-01-23 11:51:53,1422013913,3031,2687,105,0,0
REFIT-H1-COACT-000048,dryer+washer,context_before,5161669,2015-01-23 11:51:53,1422013913,3031,2687,105,0,0
REFIT-H1-COACT-000045,dryer+washer,context_after,5161670,2015-01-23 11:51:59,1422013919,3025,2636,89,0,0
REFIT-H1-COACT-000046,dryer+washer,context_before,5161670,2015-01-23 11:51:59,1422013919,3025,2636,89,0,0
REFIT-H1-COACT-000047,dryer+washer,context_before,5161670,2015-01-23 11:51:59,1422013919,3025,2636,89,0,0
REFIT-H1-COACT-000048,dryer+washer,context_before,5161670,2015-01-23 11:51:59,1422013919,3025,2636,89,0,0
REFIT-H1-COACT-000045,dryer+washer,context_after,5161671,2015-01-23 11:52:06,1422013926,3308,2625,108,0,0
REFIT-H1-COACT-000046,dryer+washer,candidate_window,5161671,2015-01-23 11:52:06,1422013926,3308,2625,108,0,0
REFIT-H1-COACT-000047,dryer+washer,context_before,5161671,2015-01-23 11:52:06,1422013926,3308,2625,108,0,0
REFIT-H1-COACT-000048,dryer+washer,context_before,5161671,2015-01-23 11:52:06,1422013926,3308,2625,108,0,0
REFIT-H1-COACT-000045,dryer+washer,context_after,5161672,2015-01-23 11:52:13,1422013933,3038,2647,108,0,0
REFIT-H1-COACT-000046,dryer+washer,candidate_window,5161672,2015-01-23 11:52:13,1422013933,3038,2647,108,0,0
REFIT-H1-COACT-000047,dryer+washer,context_before,5161672,2015-01-23 11:52:13,1422013933,3038,2647,108,0,0
REFIT-H1-COACT-000048,dryer+washer,context_before,5161672,2015-01-23 11:52:13,1422013933,3038,2647,108,0,0
REFIT-H1-COACT-000045,dryer+washer,context_after,5161673,2015-01-23 11:52:20,1422013940,2965,2631,11,0,0
REFIT-H1-COACT-000046,dryer+washer,context_after,5161673,2015-01-23 11:52:20,1422013940,2965,2631,11,0,0
REFIT-H1-COACT-000047,dryer+washer,context_before,5161673,2015-01-23 11:52:20,1422013940,2965,2631,11,0,0
REFIT-H1-COACT-000048,dryer+washer,context_before,5161673,2015-01-23 11:52:20,1422013940,2965,2631,11,0,0
REFIT-H1-COACT-000045,dryer+washer,context_after,5161674,2015-01-23 11:52:26,1422013946,3139,2681,141,0,0
REFIT-H1-COACT-000046,dryer+washer,context_after,5161674,2015-01-23 11:52:26,1422013946,3139,2681,141,0,0
REFIT-H1-COACT-000047,dryer+washer,candidate_window,5161674,2015-01-23 11:52:26,1422013946,3139,2681,141,0,0
REFIT-H1-COACT-000048,dryer+washer,context_before,5161674,2015-01-23 11:52:26,1422013946,3139,2681,141,0,0
REFIT-H1-COACT-000045,dryer+washer,context_after,5161675,2015-01-23 11:52:33,1422013953,3199,2681,130,0,0
REFIT-H1-COACT-000046,dryer+washer,context_after,5161675,2015-01-23 11:52:33,1422013953,3199,2681,130,0,0
REFIT-H1-COACT-000047,dryer+washer,candidate_window,5161675,2015-01-23 11:52:33,1422013953,3199,2681,130,0,0
REFIT-H1-COACT-000048,dryer+washer,context_before,5161675,2015-01-23 11:52:33,1422013953,3199,2681,130,0,0
REFIT-H1-COACT-000045,dryer+washer,context_after,5161676,2015-01-23 11:52:40,1422013960,2865,2659,5,0,0
REFIT-H1-COACT-000046,dryer+washer,context_after,5161676,2015-01-23 11:52:40,1422013960,2865,2659,5,0,0
REFIT-H1-COACT-000047,dryer+washer,context_after,5161676,2015-01-23 11:52:40,1422013960,2865,2659,5,0,0
REFIT-H1-COACT-000048,dryer+washer,context_before,5161676,2015-01-23 11:52:40,1422013960,2865,2659,5,0,0
REFIT-H1-COACT-000045,dryer+washer,context_after,5161677,2015-01-23 11:52:47,1422013967,5021,2571,2094,0,0
REFIT-H1-COACT-000046,dryer+washer,context_after,5161677,2015-01-23 11:52:47,1422013967,5021,2571,2094,0,0
REFIT-H1-COACT-000047,dryer+washer,context_after,5161677,2015-01-23 11:52:47,1422013967,5021,2571,2094,0,0
REFIT-H1-COACT-000048,dryer+washer,candidate_window,5161677,2015-01-23 11:52:47,1422013967,5021,2571,2094,0,0
REFIT-H1-COACT-000045,dryer+washer,context_after,5161678,2015-01-23 11:52:53,1422013973,5175,2571,2319,0,0
REFIT-H1-COACT-000046,dryer+washer,context_after,5161678,2015-01-23 11:52:53,1422013973,5175,2571,2319,0,0
REFIT-H1-COACT-000047,dryer+washer,context_after,5161678,2015-01-23 11:52:53,1422013973,5175,2571,2319,0,0
REFIT-H1-COACT-000048,dryer+washer,candidate_window,5161678,2015-01-23 11:52:53,1422013973,5175,2571,2319,0,0
REFIT-H1-COACT-000049,dryer+washer,context_before,5161678,2015-01-23 11:52:53,1422013973,5175,2571,2319,0,0
REFIT-H1-COACT-000045,dryer+washer,context_after,5161679,2015-01-23 11:53:00,1422013980,5154,2576,2302,0,0
REFIT-H1-COACT-000046,dryer+washer,context_after,5161679,2015-01-23 11:53:00,1422013980,5154,2576,2302,0,0
REFIT-H1-COACT-000047,dryer+washer,context_after,5161679,2015-01-23 11:53:00,1422013980,5154,2576,2302,0,0
REFIT-H1-COACT-000048,dryer+washer,candidate_window,5161679,2015-01-23 11:53:00,1422013980,5154,2576,2302,0,0
REFIT-H1-COACT-000049,dryer+washer,context_before,5161679,2015-01-23 11:53:00,1422013980,5154,2576,2302,0,0
REFIT-H1-COACT-000045,dryer+washer,context_after,5161680,2015-01-23 11:53:07,1422013987,5014,2576,2302,0,0
REFIT-H1-COACT-000046,dryer+washer,context_after,5161680,2015-01-23 11:53:07,1422013987,5014,2576,2302,0,0
REFIT-H1-COACT-000047,dryer+washer,context_after,5161680,2015-01-23 11:53:07,1422013987,5014,2576,2302,0,0
REFIT-H1-COACT-000048,dryer+washer,candidate_window,5161680,2015-01-23 11:53:07,1422013987,5014,2576,2302,0,0
REFIT-H1-COACT-000049,dryer+washer,context_before,5161680,2015-01-23 11:53:07,1422013987,5014,2576,2302,0,0
REFIT-H1-COACT-000045,dryer+washer,context_after,5161681,2015-01-23 11:53:13,1422013993,5395,2609,2281,0,0
REFIT-H1-COACT-000046,dryer+washer,context_after,5161681,2015-01-23 11:53:13,1422013993,5395,2609,2281,0,0
REFIT-H1-COACT-000047,dryer+washer,context_after,5161681,2015-01-23 11:53:13,1422013993,5395,2609,2281,0,0
REFIT-H1-COACT-000048,dryer+washer,candidate_window,5161681,2015-01-23 11:53:13,1422013993,5395,2609,2281,0,0
REFIT-H1-COACT-000049,dryer+washer,context_before,5161681,2015-01-23 11:53:13,1422013993,5395,2609,2281,0,0
REFIT-H1-COACT-000045,dryer+washer,context_after,5161682,2015-01-23 11:53:20,1422014000,5547,2566,2302,0,0
REFIT-H1-COACT-000046,dryer+washer,context_after,5161682,2015-01-23 11:53:20,1422014000,5547,2566,2302,0,0
REFIT-H1-COACT-000047,dryer+washer,context_after,5161682,2015-01-23 11:53:20,1422014000,5547,2566,2302,0,0
REFIT-H1-COACT-000048,dryer+washer,candidate_window,5161682,2015-01-23 11:53:20,1422014000,5547,2566,2302,0,0
REFIT-H1-COACT-000049,dryer+washer,context_before,5161682,2015-01-23 11:53:20,1422014000,5547,2566,2302,0,0
REFIT-H1-COACT-000045,dryer+washer,context_after,5161683,2015-01-23 11:53:27,1422014007,5850,2571,2302,0,0
REFIT-H1-COACT-000046,dryer+washer,context_after,5161683,2015-01-23 11:53:27,1422014007,5850,2571,2302,0,0
REFIT-H1-COACT-000047,dryer+washer,context_after,5161683,2015-01-23 11:53:27,1422014007,5850,2571,2302,0,0
REFIT-H1-COACT-000048,dryer+washer,candidate_window,5161683,2015-01-23 11:53:27,1422014007,5850,2571,2302,0,0
REFIT-H1-COACT-000049,dryer+washer,context_before,5161683,2015-01-23 11:53:27,1422014007,5850,2571,2302,0,0
REFIT-H1-COACT-000045,dryer+washer,context_after,5161684,2015-01-23 11:53:33,1422014013,5481,2571,2281,0,0
REFIT-H1-COACT-000046,dryer+washer,context_after,5161684,2015-01-23 11:53:33,1422014013,5481,2571,2281,0,0
REFIT-H1-COACT-000047,dryer+washer,context_after,5161684,2015-01-23 11:53:33,1422014013,5481,2571,2281,0,0
REFIT-H1-COACT-000048,dryer+washer,candidate_window,5161684,2015-01-23 11:53:33,1422014013,5481,2571,2281,0,0
REFIT-H1-COACT-000049,dryer+washer,context_before,5161684,2015-01-23 11:53:33,1422014013,5481,2571,2281,0,0
REFIT-H1-COACT-000045,dryer+washer,context_after,5161685,2015-01-23 11:53:40,1422014020,5472,2598,2285,0,0
REFIT-H1-COACT-000046,dryer+washer,context_after,5161685,2015-01-23 11:53:40,1422014020,5472,2598,2285,0,0
REFIT-H1-COACT-000047,dryer+washer,context_after,5161685,2015-01-23 11:53:40,1422014020,5472,2598,2285,0,0
REFIT-H1-COACT-000048,dryer+washer,candidate_window,5161685,2015-01-23 11:53:40,1422014020,5472,2598,2285,0,0
REFIT-H1-COACT-000049,dryer+washer,context_before,5161685,2015-01-23 11:53:40,1422014020,5472,2598,2285,0,0
REFIT-H1-COACT-000045,dryer+washer,context_after,5161686,2015-01-23 11:53:47,1422014027,5472,2603,2144,0,0
REFIT-H1-COACT-000046,dryer+washer,context_after,5161686,2015-01-23 11:53:47,1422014027,5472,2603,2144,0,0
REFIT-H1-COACT-000047,dryer+washer,context_after,5161686,2015-01-23 11:53:47,1422014027,5472,2603,2144,0,0
REFIT-H1-COACT-000048,dryer+washer,candidate_window,5161686,2015-01-23 11:53:47,1422014027,5472,2603,2144,0,0
REFIT-H1-COACT-000049,dryer+washer,context_before,5161686,2015-01-23 11:53:47,1422014027,5472,2603,2144,0,0
REFIT-H1-COACT-000045,dryer+washer,context_after,5161687,2015-01-23 11:53:54,1422014034,5454,2561,2240,0,0
REFIT-H1-COACT-000046,dryer+washer,context_after,5161687,2015-01-23 11:53:54,1422014034,5454,2561,2240,0,0
REFIT-H1-COACT-000047,dryer+washer,context_after,5161687,2015-01-23 11:53:54,1422014034,5454,2561,2240,0,0
REFIT-H1-COACT-000048,dryer+washer,candidate_window,5161687,2015-01-23 11:53:54,1422014034,5454,2561,2240,0,0
REFIT-H1-COACT-000049,dryer+washer,context_before,5161687,2015-01-23 11:53:54,1422014034,5454,2561,2240,0,0
REFIT-H1-COACT-000045,dryer+washer,context_after,5161688,2015-01-23 11:54:00,1422014040,5593,2603,2281,0,0
REFIT-H1-COACT-000046,dryer+washer,context_after,5161688,2015-01-23 11:54:00,1422014040,5593,2603,2281,0,0
REFIT-H1-COACT-000047,dryer+washer,context_after,5161688,2015-01-23 11:54:00,1422014040,5593,2603,2281,0,0
REFIT-H1-COACT-000048,dryer+washer,candidate_window,5161688,2015-01-23 11:54:00,1422014040,5593,2603,2281,0,0
REFIT-H1-COACT-000049,dryer+washer,context_before,5161688,2015-01-23 11:54:00,1422014040,5593,2603,2281,0,0
REFIT-H1-COACT-000045,dryer+washer,context_after,5161689,2015-01-23 11:54:07,1422014047,5593,2603,2302,0,0
REFIT-H1-COACT-000046,dryer+washer,context_after,5161689,2015-01-23 11:54:07,1422014047,5593,2603,2302,0,0
REFIT-H1-COACT-000047,dryer+washer,context_after,5161689,2015-01-23 11:54:07,1422014047,5593,2603,2302,0,0
REFIT-H1-COACT-000048,dryer+washer,candidate_window,5161689,2015-01-23 11:54:07,1422014047,5593,2603,2302,0,0
REFIT-H1-COACT-000049,dryer+washer,context_before,5161689,2015-01-23 11:54:07,1422014047,5593,2603,2302,0,0
REFIT-H1-COACT-000045,dryer+washer,context_after,5161690,2015-01-23 11:54:14,1422014054,5585,2561,2264,0,0
REFIT-H1-COACT-000046,dryer+washer,context_after,5161690,2015-01-23 11:54:14,1422014054,5585,2561,2264,0,0
REFIT-H1-COACT-000047,dryer+washer,context_after,5161690,2015-01-23 11:54:14,1422014054,5585,2561,2264,0,0
REFIT-H1-COACT-000048,dryer+washer,candidate_window,5161690,2015-01-23 11:54:14,1422014054,5585,2561,2264,0,0
REFIT-H1-COACT-000049,dryer+washer,context_before,5161690,2015-01-23 11:54:14,1422014054,5585,2561,2264,0,0
REFIT-H1-COACT-000045,dryer+washer,context_after,5161691,2015-01-23 11:54:20,1422014060,5585,2587,2285,0,0
REFIT-H1-COACT-000046,dryer+washer,context_after,5161691,2015-01-23 11:54:20,1422014060,5585,2587,2285,0,0
REFIT-H1-COACT-000047,dryer+washer,context_after,5161691,2015-01-23 11:54:20,1422014060,5585,2587,2285,0,0
REFIT-H1-COACT-000048,dryer+washer,candidate_window,5161691,2015-01-23 11:54:20,1422014060,5585,2587,2285,0,0
REFIT-H1-COACT-000049,dryer+washer,context_before,5161691,2015-01-23 11:54:20,1422014060,5585,2587,2285,0,0
REFIT-H1-COACT-000045,dryer+washer,context_after,5161692,2015-01-23 11:54:27,1422014067,13696,2450,2053,0,0
REFIT-H1-COACT-000046,dryer+washer,context_after,5161692,2015-01-23 11:54:27,1422014067,13696,2450,2053,0,0
REFIT-H1-COACT-000047,dryer+washer,context_after,5161692,2015-01-23 11:54:27,1422014067,13696,2450,2053,0,0
REFIT-H1-COACT-000048,dryer+washer,candidate_window,5161692,2015-01-23 11:54:27,1422014067,13696,2450,2053,0,0
REFIT-H1-COACT-000049,dryer+washer,context_before,5161692,2015-01-23 11:54:27,1422014067,13696,2450,2053,0,0
REFIT-H1-COACT-000045,dryer+washer,context_after,5161693,2015-01-23 11:54:34,1422014074,13449,2499,2170,0,0
REFIT-H1-COACT-000046,dryer+washer,context_after,5161693,2015-01-23 11:54:34,1422014074,13449,2499,2170,0,0
REFIT-H1-COACT-000047,dryer+washer,context_after,5161693,2015-01-23 11:54:34,1422014074,13449,2499,2170,0,0
REFIT-H1-COACT-000048,dryer+washer,candidate_window,5161693,2015-01-23 11:54:34,1422014074,13449,2499,2170,0,0
REFIT-H1-COACT-000049,dryer+washer,context_before,5161693,2015-01-23 11:54:34,1422014074,13449,2499,2170,0,0
REFIT-H1-COACT-000045,dryer+washer,context_after,5161694,2015-01-23 11:54:40,1422014080,13709,2499,2220,0,0
REFIT-H1-COACT-000046,dryer+washer,context_after,5161694,2015-01-23 11:54:40,1422014080,13709,2499,2220,0,0
REFIT-H1-COACT-000047,dryer+washer,context_after,5161694,2015-01-23 11:54:40,1422014080,13709,2499,2220,0,0
REFIT-H1-COACT-000048,dryer+washer,candidate_window,5161694,2015-01-23 11:54:40,1422014080,13709,2499,2220,0,0
REFIT-H1-COACT-000049,dryer+washer,context_before,5161694,2015-01-23 11:54:40,1422014080,13709,2499,2220,0,0
REFIT-H1-COACT-000045,dryer+washer,context_after,5161695,2015-01-23 11:54:47,1422014087,15936,2499,2094,0,0
REFIT-H1-COACT-000046,dryer+washer,context_after,5161695,2015-01-23 11:54:47,1422014087,15936,2499,2094,0,0
REFIT-H1-COACT-000047,dryer+washer,context_after,5161695,2015-01-23 11:54:47,1422014087,15936,2499,2094,0,0
REFIT-H1-COACT-000048,dryer+washer,candidate_window,5161695,2015-01-23 11:54:47,1422014087,15936,2499,2094,0,0
REFIT-H1-COACT-000049,dryer+washer,context_before,5161695,2015-01-23 11:54:47,1422014087,15936,2499,2094,0,0
REFIT-H1-COACT-000045,dryer+washer,context_after,5161696,2015-01-23 11:54:54,1422014094,13953,2489,2151,0,0
REFIT-H1-COACT-000046,dryer+washer,context_after,5161696,2015-01-23 11:54:54,1422014094,13953,2489,2151,0,0
REFIT-H1-COACT-000047,dryer+washer,context_after,5161696,2015-01-23 11:54:54,1422014094,13953,2489,2151,0,0
REFIT-H1-COACT-000048,dryer+washer,candidate_window,5161696,2015-01-23 11:54:54,1422014094,13953,2489,2151,0,0
REFIT-H1-COACT-000049,dryer+washer,context_before,5161696,2015-01-23 11:54:54,1422014094,13953,2489,2151,0,0
REFIT-H1-COACT-000045,dryer+washer,context_after,5161697,2015-01-23 11:55:00,1422014100,16309,2446,2170,0,0
REFIT-H1-COACT-000046,dryer+washer,context_after,5161697,2015-01-23 11:55:00,1422014100,16309,2446,2170,0,0
REFIT-H1-COACT-000047,dryer+washer,context_after,5161697,2015-01-23 11:55:00,1422014100,16309,2446,2170,0,0
REFIT-H1-COACT-000048,dryer+washer,candidate_window,5161697,2015-01-23 11:55:00,1422014100,16309,2446,2170,0,0
REFIT-H1-COACT-000049,dryer+washer,context_before,5161697,2015-01-23 11:55:00,1422014100,16309,2446,2170,0,0
REFIT-H1-COACT-000045,dryer+washer,context_after,5161698,2015-01-23 11:55:07,1422014107,16309,2446,2201,0,0
REFIT-H1-COACT-000046,dryer+washer,context_after,5161698,2015-01-23 11:55:07,1422014107,16309,2446,2201,0,0
REFIT-H1-COACT-000047,dryer+washer,context_after,5161698,2015-01-23 11:55:07,1422014107,16309,2446,2201,0,0
REFIT-H1-COACT-000048,dryer+washer,candidate_window,5161698,2015-01-23 11:55:07,1422014107,16309,2446,2201,0,0
REFIT-H1-COACT-000049,dryer+washer,context_before,5161698,2015-01-23 11:55:07,1422014107,16309,2446,2201,0,0
REFIT-H1-COACT-000045,dryer+washer,context_after,5161699,2015-01-23 11:55:14,1422014114,13356,2446,2332,0,0
REFIT-H1-COACT-000046,dryer+washer,context_after,5161699,2015-01-23 11:55:14,1422014114,13356,2446,2332,0,0
REFIT-H1-COACT-000047,dryer+washer,context_after,5161699,2015-01-23 11:55:14,1422014114,13356,2446,2332,0,0
REFIT-H1-COACT-000048,dryer+washer,candidate_window,5161699,2015-01-23 11:55:14,1422014114,13356,2446,2332,0,0
REFIT-H1-COACT-000049,dryer+washer,context_before,5161699,2015-01-23 11:55:14,1422014114,13356,2446,2332,0,0
REFIT-H1-COACT-000046,dryer+washer,context_after,5161700,2015-01-23 11:55:21,1422014121,13449,2446,2228,0,0
REFIT-H1-COACT-000047,dryer+washer,context_after,5161700,2015-01-23 11:55:21,1422014121,13449,2446,2228,0,0
REFIT-H1-COACT-000048,dryer+washer,candidate_window,5161700,2015-01-23 11:55:21,1422014121,13449,2446,2228,0,0
REFIT-H1-COACT-000049,dryer+washer,context_before,5161700,2015-01-23 11:55:21,1422014121,13449,2446,2228,0,0
REFIT-H1-COACT-000046,dryer+washer,context_after,5161701,2015-01-23 11:55:27,1422014127,13441,2475,2204,0,0
REFIT-H1-COACT-000047,dryer+washer,context_after,5161701,2015-01-23 11:55:27,1422014127,13441,2475,2204,0,0
REFIT-H1-COACT-000048,dryer+washer,candidate_window,5161701,2015-01-23 11:55:27,1422014127,13441,2475,2204,0,0
REFIT-H1-COACT-000049,dryer+washer,context_before,5161701,2015-01-23 11:55:27,1422014127,13441,2475,2204,0,0
REFIT-H1-COACT-000046,dryer+washer,context_after,5161702,2015-01-23 11:55:34,1422014134,13558,2484,2063,0,0
REFIT-H1-COACT-000047,dryer+washer,context_after,5161702,2015-01-23 11:55:34,1422014134,13558,2484,2063,0,0
REFIT-H1-COACT-000048,dryer+washer,candidate_window,5161702,2015-01-23 11:55:34,1422014134,13558,2484,2063,0,0
REFIT-H1-COACT-000049,dryer+washer,context_before,5161702,2015-01-23 11:55:34,1422014134,13558,2484,2063,0,0
REFIT-H1-COACT-000047,dryer+washer,context_after,5161703,2015-01-23 11:55:41,1422014141,14473,2450,2170,0,0
REFIT-H1-COACT-000048,dryer+washer,candidate_window,5161703,2015-01-23 11:55:41,1422014141,14473,2450,2170,0,0
REFIT-H1-COACT-000049,dryer+washer,context_before,5161703,2015-01-23 11:55:41,1422014141,14473,2450,2170,0,0
REFIT-H1-COACT-000047,dryer+washer,context_after,5161704,2015-01-23 11:55:48,1422014148,13714,2450,2063,0,0
REFIT-H1-COACT-000048,dryer+washer,candidate_window,5161704,2015-01-23 11:55:48,1422014148,13714,2450,2063,0,0
REFIT-H1-COACT-000049,dryer+washer,context_before,5161704,2015-01-23 11:55:48,1422014148,13714,2450,2063,0,0
REFIT-H1-COACT-000047,dryer+washer,context_after,5161705,2015-01-23 11:55:54,1422014154,12389,2555,10,0,0
REFIT-H1-COACT-000048,dryer+washer,context_after,5161705,2015-01-23 11:55:54,1422014154,12389,2555,10,0,0
REFIT-H1-COACT-000049,dryer+washer,context_before,5161705,2015-01-23 11:55:54,1422014154,12389,2555,10,0,0
REFIT-H1-COACT-000048,dryer+washer,context_after,5161706,2015-01-23 11:56:01,1422014161,13196,2499,9,0,0
REFIT-H1-COACT-000049,dryer+washer,context_before,5161706,2015-01-23 11:56:01,1422014161,13196,2499,9,0,0
REFIT-H1-COACT-000048,dryer+washer,context_after,5161707,2015-01-23 11:56:08,1422014168,13223,2535,9,0,0
REFIT-H1-COACT-000049,dryer+washer,context_before,5161707,2015-01-23 11:56:08,1422014168,13223,2535,9,0,0
REFIT-H1-COACT-000048,dryer+washer,context_after,5161708,2015-01-23 11:56:14,1422014174,13496,2455,2417,0,0
REFIT-H1-COACT-000049,dryer+washer,candidate_window,5161708,2015-01-23 11:56:14,1422014174,13496,2455,2417,0,0
REFIT-H1-COACT-000048,dryer+washer,context_after,5161709,2015-01-23 11:56:21,1422014181,13717,2465,2289,0,0
REFIT-H1-COACT-000049,dryer+washer,candidate_window,5161709,2015-01-23 11:56:21,1422014181,13717,2465,2289,0,0
REFIT-H1-COACT-000048,dryer+washer,context_after,5161710,2015-01-23 11:56:28,1422014188,13717,2465,2340,0,0
REFIT-H1-COACT-000049,dryer+washer,candidate_window,5161710,2015-01-23 11:56:28,1422014188,13717,2465,2340,0,0
REFIT-H1-COACT-000048,dryer+washer,context_after,5161711,2015-01-23 11:56:34,1422014194,15043,2465,2066,0,0
REFIT-H1-COACT-000049,dryer+washer,candidate_window,5161711,2015-01-23 11:56:34,1422014194,15043,2465,2066,0,0
REFIT-H1-COACT-000048,dryer+washer,context_after,5161712,2015-01-23 11:56:41,1422014201,13805,2446,2228,0,0
REFIT-H1-COACT-000049,dryer+washer,candidate_window,5161712,2015-01-23 11:56:41,1422014201,13805,2446,2228,0,0
REFIT-H1-COACT-000048,dryer+washer,context_after,5161713,2015-01-23 11:56:48,1422014208,13775,2484,2228,0,0
REFIT-H1-COACT-000049,dryer+washer,candidate_window,5161713,2015-01-23 11:56:48,1422014208,13775,2484,2228,0,0
REFIT-H1-COACT-000048,dryer+washer,context_after,5161714,2015-01-23 11:56:55,1422014215,14054,2441,2101,0,0
REFIT-H1-COACT-000049,dryer+washer,candidate_window,5161714,2015-01-23 11:56:55,1422014215,14054,2441,2101,0,0
REFIT-H1-COACT-000048,dryer+washer,context_after,5161715,2015-01-23 11:57:02,1422014222,13478,2446,2212,0,0
REFIT-H1-COACT-000049,dryer+washer,candidate_window,5161715,2015-01-23 11:57:02,1422014222,13478,2446,2212,0,0
REFIT-H1-COACT-000048,dryer+washer,context_after,5161716,2015-01-23 11:57:08,1422014228,12359,139,2137,0,0
REFIT-H1-COACT-000049,dryer+washer,candidate_window,5161716,2015-01-23 11:57:08,1422014228,12359,139,2137,0,0
REFIT-H1-COACT-000048,dryer+washer,context_after,5161717,2015-01-23 11:57:15,1422014235,12359,136,2232,0,0
REFIT-H1-COACT-000049,dryer+washer,candidate_window,5161717,2015-01-23 11:57:15,1422014235,12359,136,2232,0,0
REFIT-H1-COACT-000048,dryer+washer,context_after,5161718,2015-01-23 11:57:22,1422014242,5680,137,2345,0,0
REFIT-H1-COACT-000049,dryer+washer,candidate_window,5161718,2015-01-23 11:57:22,1422014242,5680,137,2345,0,0
REFIT-H1-COACT-000048,dryer+washer,context_after,5161719,2015-01-23 11:57:29,1422014249,5429,2592,2336,0,0
REFIT-H1-COACT-000049,dryer+washer,candidate_window,5161719,2015-01-23 11:57:29,1422014249,5429,2592,2336,0,0
REFIT-H1-COACT-000048,dryer+washer,context_after,5161720,2015-01-23 11:57:35,1422014255,5681,2566,2336,0,0
REFIT-H1-COACT-000049,dryer+washer,candidate_window,5161720,2015-01-23 11:57:35,1422014255,5681,2566,2336,0,0
REFIT-H1-COACT-000048,dryer+washer,context_after,5161721,2015-01-23 11:57:42,1422014262,5712,2494,2332,0,0
REFIT-H1-COACT-000049,dryer+washer,candidate_window,5161721,2015-01-23 11:57:42,1422014262,5712,2494,2332,0,0
REFIT-H1-COACT-000048,dryer+washer,context_after,5161722,2015-01-23 11:57:49,1422014269,5611,2603,2336,0,0
REFIT-H1-COACT-000049,dryer+washer,candidate_window,5161722,2015-01-23 11:57:49,1422014269,5611,2603,2336,0,0
REFIT-H1-COACT-000048,dryer+washer,context_after,5161723,2015-01-23 11:57:56,1422014276,5437,2603,2137,0,0
REFIT-H1-COACT-000049,dryer+washer,candidate_window,5161723,2015-01-23 11:57:56,1422014276,5437,2603,2137,0,0
REFIT-H1-COACT-000048,dryer+washer,context_after,5161724,2015-01-23 11:58:02,1422014282,5622,2561,2340,0,0
REFIT-H1-COACT-000049,dryer+washer,candidate_window,5161724,2015-01-23 11:58:02,1422014282,5622,2561,2340,0,0
REFIT-H1-COACT-000048,dryer+washer,context_after,5161725,2015-01-23 11:58:09,1422014289,4579,1393,2302,0,0
REFIT-H1-COACT-000049,dryer+washer,candidate_window,5161725,2015-01-23 11:58:09,1422014289,4579,1393,2302,0,0
REFIT-H1-COACT-000048,dryer+washer,context_after,5161726,2015-01-23 11:58:16,1422014296,4414,1386,2189,0,0
REFIT-H1-COACT-000049,dryer+washer,candidate_window,5161726,2015-01-23 11:58:16,1422014296,4414,1386,2189,0,0
REFIT-H1-COACT-000048,dryer+washer,context_after,5161727,2015-01-23 11:58:23,1422014303,4507,1376,2363,0,0
REFIT-H1-COACT-000049,dryer+washer,candidate_window,5161727,2015-01-23 11:58:23,1422014303,4507,1376,2363,0,0
REFIT-H1-COACT-000048,dryer+washer,context_after,5161728,2015-01-23 11:58:30,1422014310,4582,1397,2193,0,0
REFIT-H1-COACT-000049,dryer+washer,candidate_window,5161728,2015-01-23 11:58:30,1422014310,4582,1397,2193,0,0
REFIT-H1-COACT-000048,dryer+washer,context_after,5161729,2015-01-23 11:58:36,1422014316,4357,1393,2310,0,0
REFIT-H1-COACT-000049,dryer+washer,candidate_window,5161729,2015-01-23 11:58:36,1422014316,4357,1393,2310,0,0
REFIT-H1-COACT-000048,dryer+washer,context_after,5161730,2015-01-23 11:58:43,1422014323,4357,1397,2336,0,0
REFIT-H1-COACT-000049,dryer+washer,candidate_window,5161730,2015-01-23 11:58:43,1422014323,4357,1397,2336,0,0
REFIT-H1-COACT-000048,dryer+washer,context_after,5161731,2015-01-23 11:58:50,1422014330,4341,1397,2363,0,0
REFIT-H1-COACT-000049,dryer+washer,candidate_window,5161731,2015-01-23 11:58:50,1422014330,4341,1397,2363,0,0
REFIT-H1-COACT-000050,dryer+washer,context_before,5161731,2015-01-23 11:58:50,1422014330,4341,1397,2363,0,0
REFIT-H1-COACT-000048,dryer+washer,context_after,5161732,2015-01-23 11:58:57,1422014337,4571,1396,2363,0,0
REFIT-H1-COACT-000049,dryer+washer,candidate_window,5161732,2015-01-23 11:58:57,1422014337,4571,1396,2363,0,0
REFIT-H1-COACT-000050,dryer+washer,context_before,5161732,2015-01-23 11:58:57,1422014337,4571,1396,2363,0,0
REFIT-H1-COACT-000048,dryer+washer,context_after,5161733,2015-01-23 11:59:03,1422014343,4571,1407,2376,0,0
REFIT-H1-COACT-000049,dryer+washer,candidate_window,5161733,2015-01-23 11:59:03,1422014343,4571,1407,2376,0,0
REFIT-H1-COACT-000050,dryer+washer,context_before,5161733,2015-01-23 11:59:03,1422014343,4571,1407,2376,0,0
REFIT-H1-COACT-000048,dryer+washer,context_after,5161734,2015-01-23 11:59:04,1422014344,4603,1407,2376,0,0
REFIT-H1-COACT-000049,dryer+washer,candidate_window,5161734,2015-01-23 11:59:04,1422014344,4603,1407,2376,0,0
REFIT-H1-COACT-000050,dryer+washer,context_before,5161734,2015-01-23 11:59:04,1422014344,4603,1407,2376,0,0
REFIT-H1-COACT-000049,dryer+washer,candidate_window,5161735,2015-01-23 11:59:10,1422014350,4275,1399,2376,0,0
REFIT-H1-COACT-000050,dryer+washer,context_before,5161735,2015-01-23 11:59:10,1422014350,4275,1399,2376,0,0
REFIT-H1-COACT-000049,dryer+washer,candidate_window,5161736,2015-01-23 11:59:17,1422014357,4275,1402,2193,0,0
REFIT-H1-COACT-000050,dryer+washer,context_before,5161736,2015-01-23 11:59:17,1422014357,4275,1402,2193,0,0
REFIT-H1-COACT-000049,dryer+washer,candidate_window,5161737,2015-01-23 11:59:24,1422014364,4275,1399,2340,0,0
REFIT-H1-COACT-000050,dryer+washer,context_before,5161737,2015-01-23 11:59:24,1422014364,4275,1399,2340,0,0
REFIT-H1-COACT-000051,dryer+washer,context_before,5161737,2015-01-23 11:59:24,1422014364,4275,1399,2340,0,0
REFIT-H1-COACT-000049,dryer+washer,candidate_window,5161738,2015-01-23 11:59:31,1422014371,4489,1399,2376,0,0
REFIT-H1-COACT-000050,dryer+washer,context_before,5161738,2015-01-23 11:59:31,1422014371,4489,1399,2376,0,0
REFIT-H1-COACT-000051,dryer+washer,context_before,5161738,2015-01-23 11:59:31,1422014371,4489,1399,2376,0,0
REFIT-H1-COACT-000049,dryer+washer,candidate_window,5161739,2015-01-23 11:59:37,1422014377,4062,148,2197,0,0
REFIT-H1-COACT-000050,dryer+washer,context_before,5161739,2015-01-23 11:59:37,1422014377,4062,148,2197,0,0
REFIT-H1-COACT-000051,dryer+washer,context_before,5161739,2015-01-23 11:59:37,1422014377,4062,148,2197,0,0
REFIT-H1-COACT-000049,dryer+washer,candidate_window,5161740,2015-01-23 11:59:44,1422014384,3184,139,2403,0,0
REFIT-H1-COACT-000050,dryer+washer,context_before,5161740,2015-01-23 11:59:44,1422014384,3184,139,2403,0,0
REFIT-H1-COACT-000051,dryer+washer,context_before,5161740,2015-01-23 11:59:44,1422014384,3184,139,2403,0,0
REFIT-H1-COACT-000049,dryer+washer,candidate_window,5161741,2015-01-23 11:59:51,1422014391,3122,139,2236,0,0
REFIT-H1-COACT-000050,dryer+washer,context_before,5161741,2015-01-23 11:59:51,1422014391,3122,139,2236,0,0
REFIT-H1-COACT-000051,dryer+washer,context_before,5161741,2015-01-23 11:59:51,1422014391,3122,139,2236,0,0
REFIT-H1-COACT-000049,dryer+washer,candidate_window,5161742,2015-01-23 11:59:58,1422014398,2790,138,2403,0,0
REFIT-H1-COACT-000050,dryer+washer,context_before,5161742,2015-01-23 11:59:58,1422014398,2790,138,2403,0,0
REFIT-H1-COACT-000051,dryer+washer,context_before,5161742,2015-01-23 11:59:58,1422014398,2790,138,2403,0,0
REFIT-H1-COACT-000049,dryer+washer,candidate_window,5161743,2015-01-23 12:00:04,1422014404,3088,140,2332,0,0
REFIT-H1-COACT-000050,dryer+washer,context_before,5161743,2015-01-23 12:00:04,1422014404,3088,140,2332,0,0
REFIT-H1-COACT-000051,dryer+washer,context_before,5161743,2015-01-23 12:00:04,1422014404,3088,140,2332,0,0
REFIT-H1-COACT-000049,dryer+washer,candidate_window,5161744,2015-01-23 12:00:11,1422014411,3118,138,2385,0,0
REFIT-H1-COACT-000050,dryer+washer,context_before,5161744,2015-01-23 12:00:11,1422014411,3118,138,2385,0,0
REFIT-H1-COACT-000051,dryer+washer,context_before,5161744,2015-01-23 12:00:11,1422014411,3118,138,2385,0,0
REFIT-H1-COACT-000049,dryer+washer,candidate_window,5161745,2015-01-23 12:00:18,1422014418,3118,138,2260,0,0
REFIT-H1-COACT-000050,dryer+washer,context_before,5161745,2015-01-23 12:00:18,1422014418,3118,138,2260,0,0
REFIT-H1-COACT-000051,dryer+washer,context_before,5161745,2015-01-23 12:00:18,1422014418,3118,138,2260,0,0
REFIT-H1-COACT-000049,dryer+washer,candidate_window,5161746,2015-01-23 12:00:24,1422014424,3211,140,2340,0,0
REFIT-H1-COACT-000050,dryer+washer,context_before,5161746,2015-01-23 12:00:24,1422014424,3211,140,2340,0,0
REFIT-H1-COACT-000051,dryer+washer,context_before,5161746,2015-01-23 12:00:24,1422014424,3211,140,2340,0,0
REFIT-H1-COACT-000049,dryer+washer,candidate_window,5161747,2015-01-23 12:00:31,1422014431,2789,138,2349,0,0
REFIT-H1-COACT-000050,dryer+washer,context_before,5161747,2015-01-23 12:00:31,1422014431,2789,138,2349,0,0
REFIT-H1-COACT-000051,dryer+washer,context_before,5161747,2015-01-23 12:00:31,1422014431,2789,138,2349,0,0
REFIT-H1-COACT-000049,dryer+washer,candidate_window,5161748,2015-01-23 12:00:38,1422014438,2920,140,2208,0,0
REFIT-H1-COACT-000050,dryer+washer,context_before,5161748,2015-01-23 12:00:38,1422014438,2920,140,2208,0,0
REFIT-H1-COACT-000051,dryer+washer,context_before,5161748,2015-01-23 12:00:38,1422014438,2920,140,2208,0,0
REFIT-H1-COACT-000049,dryer+washer,candidate_window,5161749,2015-01-23 12:00:45,1422014445,3275,138,2367,0,0
REFIT-H1-COACT-000050,dryer+washer,context_before,5161749,2015-01-23 12:00:45,1422014445,3275,138,2367,0,0
REFIT-H1-COACT-000051,dryer+washer,context_before,5161749,2015-01-23 12:00:45,1422014445,3275,138,2367,0,0
REFIT-H1-COACT-000049,dryer+washer,candidate_window,5161750,2015-01-23 12:00:51,1422014451,3238,138,2408,0,0
REFIT-H1-COACT-000050,dryer+washer,context_before,5161750,2015-01-23 12:00:51,1422014451,3238,138,2408,0,0
REFIT-H1-COACT-000051,dryer+washer,context_before,5161750,2015-01-23 12:00:51,1422014451,3238,138,2408,0,0
REFIT-H1-COACT-000049,dryer+washer,candidate_window,5161751,2015-01-23 12:00:58,1422014458,3471,139,2228,0,0
REFIT-H1-COACT-000050,dryer+washer,context_before,5161751,2015-01-23 12:00:58,1422014458,3471,139,2228,0,0
REFIT-H1-COACT-000051,dryer+washer,context_before,5161751,2015-01-23 12:00:58,1422014458,3471,139,2228,0,0
REFIT-H1-COACT-000052,dryer+washer,context_before,5161751,2015-01-23 12:00:58,1422014458,3471,139,2228,0,0
REFIT-H1-COACT-000049,dryer+washer,candidate_window,5161752,2015-01-23 12:01:05,1422014465,3266,139,2228,0,0
REFIT-H1-COACT-000050,dryer+washer,context_before,5161752,2015-01-23 12:01:05,1422014465,3266,139,2228,0,0
REFIT-H1-COACT-000051,dryer+washer,context_before,5161752,2015-01-23 12:01:05,1422014465,3266,139,2228,0,0
REFIT-H1-COACT-000052,dryer+washer,context_before,5161752,2015-01-23 12:01:05,1422014465,3266,139,2228,0,0
REFIT-H1-COACT-000049,dryer+washer,candidate_window,5161753,2015-01-23 12:01:12,1422014472,3144,139,2240,0,0
REFIT-H1-COACT-000050,dryer+washer,context_before,5161753,2015-01-23 12:01:12,1422014472,3144,139,2240,0,0
REFIT-H1-COACT-000051,dryer+washer,context_before,5161753,2015-01-23 12:01:12,1422014472,3144,139,2240,0,0
REFIT-H1-COACT-000052,dryer+washer,context_before,5161753,2015-01-23 12:01:12,1422014472,3144,139,2240,0,0
REFIT-H1-COACT-000049,dryer+washer,candidate_window,5161754,2015-01-23 12:01:18,1422014478,2821,139,2446,0,0
REFIT-H1-COACT-000050,dryer+washer,context_before,5161754,2015-01-23 12:01:18,1422014478,2821,139,2446,0,0
REFIT-H1-COACT-000051,dryer+washer,context_before,5161754,2015-01-23 12:01:18,1422014478,2821,139,2446,0,0
REFIT-H1-COACT-000052,dryer+washer,context_before,5161754,2015-01-23 12:01:18,1422014478,2821,139,2446,0,0
REFIT-H1-COACT-000049,dryer+washer,candidate_window,5161755,2015-01-23 12:01:25,1422014485,3125,140,2385,0,0
REFIT-H1-COACT-000050,dryer+washer,context_before,5161755,2015-01-23 12:01:25,1422014485,3125,140,2385,0,0
REFIT-H1-COACT-000051,dryer+washer,context_before,5161755,2015-01-23 12:01:25,1422014485,3125,140,2385,0,0
REFIT-H1-COACT-000052,dryer+washer,context_before,5161755,2015-01-23 12:01:25,1422014485,3125,140,2385,0,0
REFIT-H1-COACT-000049,dryer+washer,candidate_window,5161756,2015-01-23 12:01:32,1422014492,3221,141,2363,0,0
REFIT-H1-COACT-000050,dryer+washer,context_before,5161756,2015-01-23 12:01:32,1422014492,3221,141,2363,0,0
REFIT-H1-COACT-000051,dryer+washer,context_before,5161756,2015-01-23 12:01:32,1422014492,3221,141,2363,0,0
REFIT-H1-COACT-000052,dryer+washer,context_before,5161756,2015-01-23 12:01:32,1422014492,3221,141,2363,0,0
REFIT-H1-COACT-000049,dryer+washer,candidate_window,5161757,2015-01-23 12:01:39,1422014499,2821,140,2224,0,0
REFIT-H1-COACT-000050,dryer+washer,context_before,5161757,2015-01-23 12:01:39,1422014499,2821,140,2224,0,0
REFIT-H1-COACT-000051,dryer+washer,context_before,5161757,2015-01-23 12:01:39,1422014499,2821,140,2224,0,0
REFIT-H1-COACT-000052,dryer+washer,context_before,5161757,2015-01-23 12:01:39,1422014499,2821,140,2224,0,0
REFIT-H1-COACT-000049,dryer+washer,candidate_window,5161758,2015-01-23 12:01:45,1422014505,3086,139,2224,0,0
REFIT-H1-COACT-000050,dryer+washer,context_before,5161758,2015-01-23 12:01:45,1422014505,3086,139,2224,0,0
REFIT-H1-COACT-000051,dryer+washer,context_before,5161758,2015-01-23 12:01:45,1422014505,3086,139,2224,0,0
REFIT-H1-COACT-000052,dryer+washer,context_before,5161758,2015-01-23 12:01:45,1422014505,3086,139,2224,0,0
REFIT-H1-COACT-000049,dryer+washer,candidate_window,5161759,2015-01-23 12:01:52,1422014512,2817,139,2413,0,0
REFIT-H1-COACT-000050,dryer+washer,context_before,5161759,2015-01-23 12:01:52,1422014512,2817,139,2413,0,0
REFIT-H1-COACT-000051,dryer+washer,context_before,5161759,2015-01-23 12:01:52,1422014512,2817,139,2413,0,0
REFIT-H1-COACT-000052,dryer+washer,context_before,5161759,2015-01-23 12:01:52,1422014512,2817,139,2413,0,0
REFIT-H1-COACT-000053,dryer+washer,context_before,5161759,2015-01-23 12:01:52,1422014512,2817,139,2413,0,0
REFIT-H1-COACT-000049,dryer+washer,context_after,5161760,2015-01-23 12:01:59,1422014519,2557,142,2413,0,1
REFIT-H1-COACT-000050,dryer+washer,context_before,5161760,2015-01-23 12:01:59,1422014519,2557,142,2413,0,1
REFIT-H1-COACT-000051,dryer+washer,context_before,5161760,2015-01-23 12:01:59,1422014519,2557,142,2413,0,1
REFIT-H1-COACT-000052,dryer+washer,context_before,5161760,2015-01-23 12:01:59,1422014519,2557,142,2413,0,1
REFIT-H1-COACT-000053,dryer+washer,context_before,5161760,2015-01-23 12:01:59,1422014519,2557,142,2413,0,1
REFIT-H1-COACT-000049,dryer+washer,context_after,5161761,2015-01-23 12:02:06,1422014526,2709,141,2345,0,0
REFIT-H1-COACT-000050,dryer+washer,candidate_window,5161761,2015-01-23 12:02:06,1422014526,2709,141,2345,0,0
REFIT-H1-COACT-000051,dryer+washer,context_before,5161761,2015-01-23 12:02:06,1422014526,2709,141,2345,0,0
REFIT-H1-COACT-000052,dryer+washer,context_before,5161761,2015-01-23 12:02:06,1422014526,2709,141,2345,0,0
REFIT-H1-COACT-000053,dryer+washer,context_before,5161761,2015-01-23 12:02:06,1422014526,2709,141,2345,0,0
REFIT-H1-COACT-000049,dryer+washer,context_after,5161762,2015-01-23 12:02:12,1422014532,2880,140,2399,0,0
REFIT-H1-COACT-000050,dryer+washer,candidate_window,5161762,2015-01-23 12:02:12,1422014532,2880,140,2399,0,0
REFIT-H1-COACT-000051,dryer+washer,context_before,5161762,2015-01-23 12:02:12,1422014532,2880,140,2399,0,0
REFIT-H1-COACT-000052,dryer+washer,context_before,5161762,2015-01-23 12:02:12,1422014532,2880,140,2399,0,0
REFIT-H1-COACT-000053,dryer+washer,context_before,5161762,2015-01-23 12:02:12,1422014532,2880,140,2399,0,0
REFIT-H1-COACT-000049,dryer+washer,context_after,5161763,2015-01-23 12:02:19,1422014539,2661,140,2216,0,0
REFIT-H1-COACT-000050,dryer+washer,candidate_window,5161763,2015-01-23 12:02:19,1422014539,2661,140,2216,0,0
REFIT-H1-COACT-000051,dryer+washer,context_before,5161763,2015-01-23 12:02:19,1422014539,2661,140,2216,0,0
REFIT-H1-COACT-000052,dryer+washer,context_before,5161763,2015-01-23 12:02:19,1422014539,2661,140,2216,0,0
REFIT-H1-COACT-000053,dryer+washer,context_before,5161763,2015-01-23 12:02:19,1422014539,2661,140,2216,0,0
REFIT-H1-COACT-000049,dryer+washer,context_after,5161764,2015-01-23 12:02:26,1422014546,2839,141,2323,0,0
REFIT-H1-COACT-000050,dryer+washer,candidate_window,5161764,2015-01-23 12:02:26,1422014546,2839,141,2323,0,0
REFIT-H1-COACT-000051,dryer+washer,context_before,5161764,2015-01-23 12:02:26,1422014546,2839,141,2323,0,0
REFIT-H1-COACT-000052,dryer+washer,context_before,5161764,2015-01-23 12:02:26,1422014546,2839,141,2323,0,0
REFIT-H1-COACT-000053,dryer+washer,context_before,5161764,2015-01-23 12:02:26,1422014546,2839,141,2323,0,0
REFIT-H1-COACT-000049,dryer+washer,context_after,5161765,2015-01-23 12:02:33,1422014553,828,145,157,0,0
REFIT-H1-COACT-000050,dryer+washer,candidate_window,5161765,2015-01-23 12:02:33,1422014553,828,145,157,0,0
REFIT-H1-COACT-000051,dryer+washer,context_before,5161765,2015-01-23 12:02:33,1422014553,828,145,157,0,0
REFIT-H1-COACT-000052,dryer+washer,context_before,5161765,2015-01-23 12:02:33,1422014553,828,145,157,0,0
REFIT-H1-COACT-000053,dryer+washer,context_before,5161765,2015-01-23 12:02:33,1422014553,828,145,157,0,0
REFIT-H1-COACT-000049,dryer+washer,context_after,5161766,2015-01-23 12:02:40,1422014560,477,157,24,0,0
REFIT-H1-COACT-000050,dryer+washer,context_after,5161766,2015-01-23 12:02:40,1422014560,477,157,24,0,0
REFIT-H1-COACT-000051,dryer+washer,context_before,5161766,2015-01-23 12:02:40,1422014560,477,157,24,0,0
REFIT-H1-COACT-000052,dryer+washer,context_before,5161766,2015-01-23 12:02:40,1422014560,477,157,24,0,0
REFIT-H1-COACT-000053,dryer+washer,context_before,5161766,2015-01-23 12:02:40,1422014560,477,157,24,0,0
REFIT-H1-COACT-000049,dryer+washer,context_after,5161767,2015-01-23 12:02:46,1422014566,477,155,161,0,0
REFIT-H1-COACT-000050,dryer+washer,context_after,5161767,2015-01-23 12:02:46,1422014566,477,155,161,0,0
REFIT-H1-COACT-000051,dryer+washer,candidate_window,5161767,2015-01-23 12:02:46,1422014566,477,155,161,0,0
REFIT-H1-COACT-000052,dryer+washer,context_before,5161767,2015-01-23 12:02:46,1422014566,477,155,161,0,0
REFIT-H1-COACT-000053,dryer+washer,context_before,5161767,2015-01-23 12:02:46,1422014566,477,155,161,0,0
REFIT-H1-COACT-000049,dryer+washer,context_after,5161768,2015-01-23 12:02:53,1422014573,930,155,187,0,0
REFIT-H1-COACT-000050,dryer+washer,context_after,5161768,2015-01-23 12:02:53,1422014573,930,155,187,0,0
REFIT-H1-COACT-000051,dryer+washer,candidate_window,5161768,2015-01-23 12:02:53,1422014573,930,155,187,0,0
REFIT-H1-COACT-000052,dryer+washer,context_before,5161768,2015-01-23 12:02:53,1422014573,930,155,187,0,0
REFIT-H1-COACT-000053,dryer+washer,context_before,5161768,2015-01-23 12:02:53,1422014573,930,155,187,0,0
REFIT-H1-COACT-000049,dryer+washer,context_after,5161769,2015-01-23 12:03:00,1422014580,480,158,3,0,0
REFIT-H1-COACT-000050,dryer+washer,context_after,5161769,2015-01-23 12:03:00,1422014580,480,158,3,0,0
REFIT-H1-COACT-000051,dryer+washer,context_after,5161769,2015-01-23 12:03:00,1422014580,480,158,3,0,0
REFIT-H1-COACT-000052,dryer+washer,context_before,5161769,2015-01-23 12:03:00,1422014580,480,158,3,0,0
REFIT-H1-COACT-000053,dryer+washer,context_before,5161769,2015-01-23 12:03:00,1422014580,480,158,3,0,0
REFIT-H1-COACT-000049,dryer+washer,context_after,5161770,2015-01-23 12:03:07,1422014587,983,155,19,0,0
REFIT-H1-COACT-000050,dryer+washer,context_after,5161770,2015-01-23 12:03:07,1422014587,983,155,19,0,0
REFIT-H1-COACT-000051,dryer+washer,context_after,5161770,2015-01-23 12:03:07,1422014587,983,155,19,0,0
REFIT-H1-COACT-000052,dryer+washer,context_before,5161770,2015-01-23 12:03:07,1422014587,983,155,19,0,0
REFIT-H1-COACT-000053,dryer+washer,context_before,5161770,2015-01-23 12:03:07,1422014587,983,155,19,0,0
REFIT-H1-COACT-000049,dryer+washer,context_after,5161771,2015-01-23 12:03:13,1422014593,1593,155,36,0,0
REFIT-H1-COACT-000050,dryer+washer,context_after,5161771,2015-01-23 12:03:13,1422014593,1593,155,36,0,0
REFIT-H1-COACT-000051,dryer+washer,context_after,5161771,2015-01-23 12:03:13,1422014593,1593,155,36,0,0
REFIT-H1-COACT-000052,dryer+washer,context_before,5161771,2015-01-23 12:03:13,1422014593,1593,155,36,0,0
REFIT-H1-COACT-000053,dryer+washer,context_before,5161771,2015-01-23 12:03:13,1422014593,1593,155,36,0,0
REFIT-H1-COACT-000049,dryer+washer,context_after,5161772,2015-01-23 12:03:20,1422014600,750,158,85,0,0
REFIT-H1-COACT-000050,dryer+washer,context_after,5161772,2015-01-23 12:03:20,1422014600,750,158,85,0,0
REFIT-H1-COACT-000051,dryer+washer,context_after,5161772,2015-01-23 12:03:20,1422014600,750,158,85,0,0
REFIT-H1-COACT-000052,dryer+washer,context_before,5161772,2015-01-23 12:03:20,1422014600,750,158,85,0,0
REFIT-H1-COACT-000053,dryer+washer,context_before,5161772,2015-01-23 12:03:20,1422014600,750,158,85,0,0
REFIT-H1-COACT-000049,dryer+washer,context_after,5161773,2015-01-23 12:03:27,1422014607,722,158,82,0,0
REFIT-H1-COACT-000050,dryer+washer,context_after,5161773,2015-01-23 12:03:27,1422014607,722,158,82,0,0
REFIT-H1-COACT-000051,dryer+washer,context_after,5161773,2015-01-23 12:03:27,1422014607,722,158,82,0,0
REFIT-H1-COACT-000052,dryer+washer,context_before,5161773,2015-01-23 12:03:27,1422014607,722,158,82,0,0
REFIT-H1-COACT-000053,dryer+washer,context_before,5161773,2015-01-23 12:03:27,1422014607,722,158,82,0,0
REFIT-H1-COACT-000049,dryer+washer,context_after,5161774,2015-01-23 12:03:34,1422014614,695,156,74,0,0
REFIT-H1-COACT-000050,dryer+washer,context_after,5161774,2015-01-23 12:03:34,1422014614,695,156,74,0,0
REFIT-H1-COACT-000051,dryer+washer,context_after,5161774,2015-01-23 12:03:34,1422014614,695,156,74,0,0
REFIT-H1-COACT-000052,dryer+washer,context_before,5161774,2015-01-23 12:03:34,1422014614,695,156,74,0,0
REFIT-H1-COACT-000053,dryer+washer,context_before,5161774,2015-01-23 12:03:34,1422014614,695,156,74,0,0
REFIT-H1-COACT-000049,dryer+washer,context_after,5161775,2015-01-23 12:03:41,1422014621,699,158,75,0,0
REFIT-H1-COACT-000050,dryer+washer,context_after,5161775,2015-01-23 12:03:41,1422014621,699,158,75,0,0
REFIT-H1-COACT-000051,dryer+washer,context_after,5161775,2015-01-23 12:03:41,1422014621,699,158,75,0,0
REFIT-H1-COACT-000052,dryer+washer,context_before,5161775,2015-01-23 12:03:41,1422014621,699,158,75,0,0
REFIT-H1-COACT-000053,dryer+washer,context_before,5161775,2015-01-23 12:03:41,1422014621,699,158,75,0,0
REFIT-H1-COACT-000049,dryer+washer,context_after,5161776,2015-01-23 12:03:47,1422014627,705,156,79,0,0
REFIT-H1-COACT-000050,dryer+washer,context_after,5161776,2015-01-23 12:03:47,1422014627,705,156,79,0,0
REFIT-H1-COACT-000051,dryer+washer,context_after,5161776,2015-01-23 12:03:47,1422014627,705,156,79,0,0
REFIT-H1-COACT-000052,dryer+washer,context_before,5161776,2015-01-23 12:03:47,1422014627,705,156,79,0,0
REFIT-H1-COACT-000053,dryer+washer,context_before,5161776,2015-01-23 12:03:47,1422014627,705,156,79,0,0
REFIT-H1-COACT-000049,dryer+washer,context_after,5161777,2015-01-23 12:03:54,1422014634,517,158,27,0,0
REFIT-H1-COACT-000050,dryer+washer,context_after,5161777,2015-01-23 12:03:54,1422014634,517,158,27,0,0
REFIT-H1-COACT-000051,dryer+washer,context_after,5161777,2015-01-23 12:03:54,1422014634,517,158,27,0,0
REFIT-H1-COACT-000052,dryer+washer,context_before,5161777,2015-01-23 12:03:54,1422014634,517,158,27,0,0
REFIT-H1-COACT-000053,dryer+washer,context_before,5161777,2015-01-23 12:03:54,1422014634,517,158,27,0,0
REFIT-H1-COACT-000049,dryer+washer,context_after,5161778,2015-01-23 12:04:01,1422014641,526,155,34,0,0
REFIT-H1-COACT-000050,dryer+washer,context_after,5161778,2015-01-23 12:04:01,1422014641,526,155,34,0,0
REFIT-H1-COACT-000051,dryer+washer,context_after,5161778,2015-01-23 12:04:01,1422014641,526,155,34,0,0
REFIT-H1-COACT-000052,dryer+washer,context_before,5161778,2015-01-23 12:04:01,1422014641,526,155,34,0,0
REFIT-H1-COACT-000053,dryer+washer,context_before,5161778,2015-01-23 12:04:01,1422014641,526,155,34,0,0
REFIT-H1-COACT-000049,dryer+washer,context_after,5161779,2015-01-23 12:04:08,1422014648,652,155,62,0,0
REFIT-H1-COACT-000050,dryer+washer,context_after,5161779,2015-01-23 12:04:08,1422014648,652,155,62,0,0
REFIT-H1-COACT-000051,dryer+washer,context_after,5161779,2015-01-23 12:04:08,1422014648,652,155,62,0,0
REFIT-H1-COACT-000052,dryer+washer,context_before,5161779,2015-01-23 12:04:08,1422014648,652,155,62,0,0
REFIT-H1-COACT-000053,dryer+washer,context_before,5161779,2015-01-23 12:04:08,1422014648,652,155,62,0,0
REFIT-H1-COACT-000049,dryer+washer,context_after,5161780,2015-01-23 12:04:14,1422014654,530,154,26,0,0
REFIT-H1-COACT-000050,dryer+washer,context_after,5161780,2015-01-23 12:04:14,1422014654,530,154,26,0,0
REFIT-H1-COACT-000051,dryer+washer,context_after,5161780,2015-01-23 12:04:14,1422014654,530,154,26,0,0
REFIT-H1-COACT-000052,dryer+washer,context_before,5161780,2015-01-23 12:04:14,1422014654,530,154,26,0,0
REFIT-H1-COACT-000053,dryer+washer,context_before,5161780,2015-01-23 12:04:14,1422014654,530,154,26,0,0
REFIT-H1-COACT-000049,dryer+washer,context_after,5161781,2015-01-23 12:04:21,1422014661,1066,153,142,0,0
REFIT-H1-COACT-000050,dryer+washer,context_after,5161781,2015-01-23 12:04:21,1422014661,1066,153,142,0,0
REFIT-H1-COACT-000051,dryer+washer,context_after,5161781,2015-01-23 12:04:21,1422014661,1066,153,142,0,0
REFIT-H1-COACT-000052,dryer+washer,candidate_window,5161781,2015-01-23 12:04:21,1422014661,1066,153,142,0,0
REFIT-H1-COACT-000053,dryer+washer,context_before,5161781,2015-01-23 12:04:21,1422014661,1066,153,142,0,0
REFIT-H1-COACT-000049,dryer+washer,context_after,5161782,2015-01-23 12:04:28,1422014668,983,153,131,0,0
REFIT-H1-COACT-000050,dryer+washer,context_after,5161782,2015-01-23 12:04:28,1422014668,983,153,131,0,0
REFIT-H1-COACT-000051,dryer+washer,context_after,5161782,2015-01-23 12:04:28,1422014668,983,153,131,0,0
REFIT-H1-COACT-000052,dryer+washer,candidate_window,5161782,2015-01-23 12:04:28,1422014668,983,153,131,0,0
REFIT-H1-COACT-000053,dryer+washer,context_before,5161782,2015-01-23 12:04:28,1422014668,983,153,131,0,0
REFIT-H1-COACT-000054,dryer+washer,context_before,5161782,2015-01-23 12:04:28,1422014668,983,153,131,0,0
REFIT-H1-COACT-000049,dryer+washer,context_after,5161783,2015-01-23 12:04:35,1422014675,763,151,82,0,0
REFIT-H1-COACT-000050,dryer+washer,context_after,5161783,2015-01-23 12:04:35,1422014675,763,151,82,0,0
REFIT-H1-COACT-000051,dryer+washer,context_after,5161783,2015-01-23 12:04:35,1422014675,763,151,82,0,0
REFIT-H1-COACT-000052,dryer+washer,context_after,5161783,2015-01-23 12:04:35,1422014675,763,151,82,0,0
REFIT-H1-COACT-000053,dryer+washer,context_before,5161783,2015-01-23 12:04:35,1422014675,763,151,82,0,0
REFIT-H1-COACT-000054,dryer+washer,context_before,5161783,2015-01-23 12:04:35,1422014675,763,151,82,0,0
REFIT-H1-COACT-000049,dryer+washer,context_after,5161784,2015-01-23 12:04:41,1422014681,687,156,68,0,0
REFIT-H1-COACT-000050,dryer+washer,context_after,5161784,2015-01-23 12:04:41,1422014681,687,156,68,0,0
REFIT-H1-COACT-000051,dryer+washer,context_after,5161784,2015-01-23 12:04:41,1422014681,687,156,68,0,0
REFIT-H1-COACT-000052,dryer+washer,context_after,5161784,2015-01-23 12:04:41,1422014681,687,156,68,0,0
REFIT-H1-COACT-000053,dryer+washer,context_before,5161784,2015-01-23 12:04:41,1422014681,687,156,68,0,0
REFIT-H1-COACT-000054,dryer+washer,context_before,5161784,2015-01-23 12:04:41,1422014681,687,156,68,0,0
REFIT-H1-COACT-000049,dryer+washer,context_after,5161785,2015-01-23 12:04:48,1422014688,687,156,68,0,0
REFIT-H1-COACT-000050,dryer+washer,context_after,5161785,2015-01-23 12:04:48,1422014688,687,156,68,0,0
REFIT-H1-COACT-000051,dryer+washer,context_after,5161785,2015-01-23 12:04:48,1422014688,687,156,68,0,0
REFIT-H1-COACT-000052,dryer+washer,context_after,5161785,2015-01-23 12:04:48,1422014688,687,156,68,0,0
REFIT-H1-COACT-000053,dryer+washer,context_before,5161785,2015-01-23 12:04:48,1422014688,687,156,68,0,0
REFIT-H1-COACT-000054,dryer+washer,context_before,5161785,2015-01-23 12:04:48,1422014688,687,156,68,0,0
REFIT-H1-COACT-000049,dryer+washer,context_after,5161786,2015-01-23 12:04:55,1422014695,680,156,67,0,0
REFIT-H1-COACT-000050,dryer+washer,context_after,5161786,2015-01-23 12:04:55,1422014695,680,156,67,0,0
REFIT-H1-COACT-000051,dryer+washer,context_after,5161786,2015-01-23 12:04:55,1422014695,680,156,67,0,0
REFIT-H1-COACT-000052,dryer+washer,context_after,5161786,2015-01-23 12:04:55,1422014695,680,156,67,0,0
REFIT-H1-COACT-000053,dryer+washer,context_before,5161786,2015-01-23 12:04:55,1422014695,680,156,67,0,0
REFIT-H1-COACT-000054,dryer+washer,context_before,5161786,2015-01-23 12:04:55,1422014695,680,156,67,0,0
REFIT-H1-COACT-000049,dryer+washer,context_after,5161787,2015-01-23 12:05:02,1422014702,731,153,67,0,0
REFIT-H1-COACT-000050,dryer+washer,context_after,5161787,2015-01-23 12:05:02,1422014702,731,153,67,0,0
REFIT-H1-COACT-000051,dryer+washer,context_after,5161787,2015-01-23 12:05:02,1422014702,731,153,67,0,0
REFIT-H1-COACT-000052,dryer+washer,context_after,5161787,2015-01-23 12:05:02,1422014702,731,153,67,0,0
REFIT-H1-COACT-000053,dryer+washer,context_before,5161787,2015-01-23 12:05:02,1422014702,731,153,67,0,0
REFIT-H1-COACT-000054,dryer+washer,context_before,5161787,2015-01-23 12:05:02,1422014702,731,153,67,0,0
REFIT-H1-COACT-000049,dryer+washer,context_after,5161788,2015-01-23 12:05:08,1422014708,788,143,98,0,0
REFIT-H1-COACT-000050,dryer+washer,context_after,5161788,2015-01-23 12:05:08,1422014708,788,143,98,0,0
REFIT-H1-COACT-000051,dryer+washer,context_after,5161788,2015-01-23 12:05:08,1422014708,788,143,98,0,0
REFIT-H1-COACT-000052,dryer+washer,context_after,5161788,2015-01-23 12:05:08,1422014708,788,143,98,0,0
REFIT-H1-COACT-000053,dryer+washer,context_before,5161788,2015-01-23 12:05:08,1422014708,788,143,98,0,0
REFIT-H1-COACT-000054,dryer+washer,context_before,5161788,2015-01-23 12:05:08,1422014708,788,143,98,0,0
REFIT-H1-COACT-000049,dryer+washer,context_after,5161789,2015-01-23 12:05:15,1422014715,817,144,192,0,0
REFIT-H1-COACT-000050,dryer+washer,context_after,5161789,2015-01-23 12:05:15,1422014715,817,144,192,0,0
REFIT-H1-COACT-000051,dryer+washer,context_after,5161789,2015-01-23 12:05:15,1422014715,817,144,192,0,0
REFIT-H1-COACT-000052,dryer+washer,context_after,5161789,2015-01-23 12:05:15,1422014715,817,144,192,0,0
REFIT-H1-COACT-000053,dryer+washer,candidate_window,5161789,2015-01-23 12:05:15,1422014715,817,144,192,0,0
REFIT-H1-COACT-000054,dryer+washer,context_before,5161789,2015-01-23 12:05:15,1422014715,817,144,192,0,0
REFIT-H1-COACT-000050,dryer+washer,context_after,5161790,2015-01-23 12:05:22,1422014722,870,143,255,0,0
REFIT-H1-COACT-000051,dryer+washer,context_after,5161790,2015-01-23 12:05:22,1422014722,870,143,255,0,0
REFIT-H1-COACT-000052,dryer+washer,context_after,5161790,2015-01-23 12:05:22,1422014722,870,143,255,0,0
REFIT-H1-COACT-000053,dryer+washer,candidate_window,5161790,2015-01-23 12:05:22,1422014722,870,143,255,0,0
REFIT-H1-COACT-000054,dryer+washer,context_before,5161790,2015-01-23 12:05:22,1422014722,870,143,255,0,0
REFIT-H1-COACT-000055,dryer+washer,context_before,5161790,2015-01-23 12:05:22,1422014722,870,143,255,0,0
REFIT-H1-COACT-000050,dryer+washer,context_after,5161791,2015-01-23 12:05:29,1422014729,907,144,179,0,0
REFIT-H1-COACT-000051,dryer+washer,context_after,5161791,2015-01-23 12:05:29,1422014729,907,144,179,0,0
REFIT-H1-COACT-000052,dryer+washer,context_after,5161791,2015-01-23 12:05:29,1422014729,907,144,179,0,0
REFIT-H1-COACT-000053,dryer+washer,candidate_window,5161791,2015-01-23 12:05:29,1422014729,907,144,179,0,0
REFIT-H1-COACT-000054,dryer+washer,context_before,5161791,2015-01-23 12:05:29,1422014729,907,144,179,0,0
REFIT-H1-COACT-000055,dryer+washer,context_before,5161791,2015-01-23 12:05:29,1422014729,907,144,179,0,0
REFIT-H1-COACT-000050,dryer+washer,context_after,5161792,2015-01-23 12:05:36,1422014736,807,145,204,0,0
REFIT-H1-COACT-000051,dryer+washer,context_after,5161792,2015-01-23 12:05:36,1422014736,807,145,204,0,0
REFIT-H1-COACT-000052,dryer+washer,context_after,5161792,2015-01-23 12:05:36,1422014736,807,145,204,0,0
REFIT-H1-COACT-000053,dryer+washer,candidate_window,5161792,2015-01-23 12:05:36,1422014736,807,145,204,0,0
REFIT-H1-COACT-000054,dryer+washer,context_before,5161792,2015-01-23 12:05:36,1422014736,807,145,204,0,0
REFIT-H1-COACT-000055,dryer+washer,context_before,5161792,2015-01-23 12:05:36,1422014736,807,145,204,0,0
REFIT-H1-COACT-000050,dryer+washer,context_after,5161793,2015-01-23 12:05:42,1422014742,767,145,190,0,0
REFIT-H1-COACT-000051,dryer+washer,context_after,5161793,2015-01-23 12:05:42,1422014742,767,145,190,0,0
REFIT-H1-COACT-000052,dryer+washer,context_after,5161793,2015-01-23 12:05:42,1422014742,767,145,190,0,0
REFIT-H1-COACT-000053,dryer+washer,candidate_window,5161793,2015-01-23 12:05:42,1422014742,767,145,190,0,0
REFIT-H1-COACT-000054,dryer+washer,context_before,5161793,2015-01-23 12:05:42,1422014742,767,145,190,0,0
REFIT-H1-COACT-000055,dryer+washer,context_before,5161793,2015-01-23 12:05:42,1422014742,767,145,190,0,0
REFIT-H1-COACT-000056,dryer+washer,context_before,5161793,2015-01-23 12:05:42,1422014742,767,145,190,0,0
REFIT-H1-COACT-000050,dryer+washer,context_after,5161794,2015-01-23 12:05:49,1422014749,791,144,210,0,0
REFIT-H1-COACT-000051,dryer+washer,context_after,5161794,2015-01-23 12:05:49,1422014749,791,144,210,0,0
REFIT-H1-COACT-000052,dryer+washer,context_after,5161794,2015-01-23 12:05:49,1422014749,791,144,210,0,0
REFIT-H1-COACT-000053,dryer+washer,candidate_window,5161794,2015-01-23 12:05:49,1422014749,791,144,210,0,0
REFIT-H1-COACT-000054,dryer+washer,context_before,5161794,2015-01-23 12:05:49,1422014749,791,144,210,0,0
REFIT-H1-COACT-000055,dryer+washer,context_before,5161794,2015-01-23 12:05:49,1422014749,791,144,210,0,0
REFIT-H1-COACT-000056,dryer+washer,context_before,5161794,2015-01-23 12:05:49,1422014749,791,144,210,0,0
REFIT-H1-COACT-000050,dryer+washer,context_after,5161795,2015-01-23 12:05:56,1422014756,524,145,27,0,0
REFIT-H1-COACT-000051,dryer+washer,context_after,5161795,2015-01-23 12:05:56,1422014756,524,145,27,0,0
REFIT-H1-COACT-000052,dryer+washer,context_after,5161795,2015-01-23 12:05:56,1422014756,524,145,27,0,0
REFIT-H1-COACT-000053,dryer+washer,context_after,5161795,2015-01-23 12:05:56,1422014756,524,145,27,0,0
REFIT-H1-COACT-000054,dryer+washer,context_before,5161795,2015-01-23 12:05:56,1422014756,524,145,27,0,0
REFIT-H1-COACT-000055,dryer+washer,context_before,5161795,2015-01-23 12:05:56,1422014756,524,145,27,0,0
REFIT-H1-COACT-000056,dryer+washer,context_before,5161795,2015-01-23 12:05:56,1422014756,524,145,27,0,0
REFIT-H1-COACT-000051,dryer+washer,context_after,5161796,2015-01-23 12:06:03,1422014763,511,145,33,0,0
REFIT-H1-COACT-000052,dryer+washer,context_after,5161796,2015-01-23 12:06:03,1422014763,511,145,33,0,0
REFIT-H1-COACT-000053,dryer+washer,context_after,5161796,2015-01-23 12:06:03,1422014763,511,145,33,0,0
REFIT-H1-COACT-000054,dryer+washer,context_before,5161796,2015-01-23 12:06:03,1422014763,511,145,33,0,0
REFIT-H1-COACT-000055,dryer+washer,context_before,5161796,2015-01-23 12:06:03,1422014763,511,145,33,0,0
REFIT-H1-COACT-000056,dryer+washer,context_before,5161796,2015-01-23 12:06:03,1422014763,511,145,33,0,0
REFIT-H1-COACT-000051,dryer+washer,context_after,5161797,2015-01-23 12:06:09,1422014769,478,145,31,0,0
REFIT-H1-COACT-000052,dryer+washer,context_after,5161797,2015-01-23 12:06:09,1422014769,478,145,31,0,0
REFIT-H1-COACT-000053,dryer+washer,context_after,5161797,2015-01-23 12:06:09,1422014769,478,145,31,0,0
REFIT-H1-COACT-000054,dryer+washer,context_before,5161797,2015-01-23 12:06:09,1422014769,478,145,31,0,0
REFIT-H1-COACT-000055,dryer+washer,context_before,5161797,2015-01-23 12:06:09,1422014769,478,145,31,0,0
REFIT-H1-COACT-000056,dryer+washer,context_before,5161797,2015-01-23 12:06:09,1422014769,478,145,31,0,0
REFIT-H1-COACT-000051,dryer+washer,context_after,5161798,2015-01-23 12:06:16,1422014776,482,145,9,0,0
REFIT-H1-COACT-000052,dryer+washer,context_after,5161798,2015-01-23 12:06:16,1422014776,482,145,9,0,0
REFIT-H1-COACT-000053,dryer+washer,context_after,5161798,2015-01-23 12:06:16,1422014776,482,145,9,0,0
REFIT-H1-COACT-000054,dryer+washer,context_before,5161798,2015-01-23 12:06:16,1422014776,482,145,9,0,0
REFIT-H1-COACT-000055,dryer+washer,context_before,5161798,2015-01-23 12:06:16,1422014776,482,145,9,0,0
REFIT-H1-COACT-000056,dryer+washer,context_before,5161798,2015-01-23 12:06:16,1422014776,482,145,9,0,0
REFIT-H1-COACT-000052,dryer+washer,context_after,5161799,2015-01-23 12:06:23,1422014783,482,145,9,0,0
REFIT-H1-COACT-000053,dryer+washer,context_after,5161799,2015-01-23 12:06:23,1422014783,482,145,9,0,0
REFIT-H1-COACT-000054,dryer+washer,context_before,5161799,2015-01-23 12:06:23,1422014783,482,145,9,0,0
REFIT-H1-COACT-000055,dryer+washer,context_before,5161799,2015-01-23 12:06:23,1422014783,482,145,9,0,0
REFIT-H1-COACT-000056,dryer+washer,context_before,5161799,2015-01-23 12:06:23,1422014783,482,145,9,0,0
REFIT-H1-COACT-000052,dryer+washer,context_after,5161800,2015-01-23 12:06:30,1422014790,483,146,10,0,0
REFIT-H1-COACT-000053,dryer+washer,context_after,5161800,2015-01-23 12:06:30,1422014790,483,146,10,0,0
REFIT-H1-COACT-000054,dryer+washer,context_before,5161800,2015-01-23 12:06:30,1422014790,483,146,10,0,0
REFIT-H1-COACT-000055,dryer+washer,context_before,5161800,2015-01-23 12:06:30,1422014790,483,146,10,0,0
REFIT-H1-COACT-000056,dryer+washer,context_before,5161800,2015-01-23 12:06:30,1422014790,483,146,10,0,0
REFIT-H1-COACT-000052,dryer+washer,context_after,5161801,2015-01-23 12:06:37,1422014797,483,143,10,0,0
REFIT-H1-COACT-000053,dryer+washer,context_after,5161801,2015-01-23 12:06:37,1422014797,483,143,10,0,0
REFIT-H1-COACT-000054,dryer+washer,context_before,5161801,2015-01-23 12:06:37,1422014797,483,143,10,0,0
REFIT-H1-COACT-000055,dryer+washer,context_before,5161801,2015-01-23 12:06:37,1422014797,483,143,10,0,0
REFIT-H1-COACT-000056,dryer+washer,context_before,5161801,2015-01-23 12:06:37,1422014797,483,143,10,0,0
REFIT-H1-COACT-000052,dryer+washer,context_after,5161802,2015-01-23 12:06:43,1422014803,489,145,9,0,0
REFIT-H1-COACT-000053,dryer+washer,context_after,5161802,2015-01-23 12:06:43,1422014803,489,145,9,0,0
REFIT-H1-COACT-000054,dryer+washer,context_before,5161802,2015-01-23 12:06:43,1422014803,489,145,9,0,0
REFIT-H1-COACT-000055,dryer+washer,context_before,5161802,2015-01-23 12:06:43,1422014803,489,145,9,0,0
REFIT-H1-COACT-000056,dryer+washer,context_before,5161802,2015-01-23 12:06:43,1422014803,489,145,9,0,0
REFIT-H1-COACT-000052,dryer+washer,context_after,5161803,2015-01-23 12:06:50,1422014810,483,143,9,0,0
REFIT-H1-COACT-000053,dryer+washer,context_after,5161803,2015-01-23 12:06:50,1422014810,483,143,9,0,0
REFIT-H1-COACT-000054,dryer+washer,context_before,5161803,2015-01-23 12:06:50,1422014810,483,143,9,0,0
REFIT-H1-COACT-000055,dryer+washer,context_before,5161803,2015-01-23 12:06:50,1422014810,483,143,9,0,0
REFIT-H1-COACT-000056,dryer+washer,context_before,5161803,2015-01-23 12:06:50,1422014810,483,143,9,0,0
REFIT-H1-COACT-000052,dryer+washer,context_after,5161804,2015-01-23 12:06:57,1422014817,485,146,9,0,0
REFIT-H1-COACT-000053,dryer+washer,context_after,5161804,2015-01-23 12:06:57,1422014817,485,146,9,0,0
REFIT-H1-COACT-000054,dryer+washer,context_before,5161804,2015-01-23 12:06:57,1422014817,485,146,9,0,0
REFIT-H1-COACT-000055,dryer+washer,context_before,5161804,2015-01-23 12:06:57,1422014817,485,146,9,0,0
REFIT-H1-COACT-000056,dryer+washer,context_before,5161804,2015-01-23 12:06:57,1422014817,485,146,9,0,0
REFIT-H1-COACT-000052,dryer+washer,context_after,5161805,2015-01-23 12:07:04,1422014824,484,145,9,0,0
REFIT-H1-COACT-000053,dryer+washer,context_after,5161805,2015-01-23 12:07:04,1422014824,484,145,9,0,0
REFIT-H1-COACT-000054,dryer+washer,context_before,5161805,2015-01-23 12:07:04,1422014824,484,145,9,0,0
REFIT-H1-COACT-000055,dryer+washer,context_before,5161805,2015-01-23 12:07:04,1422014824,484,145,9,0,0
REFIT-H1-COACT-000056,dryer+washer,context_before,5161805,2015-01-23 12:07:04,1422014824,484,145,9,0,0
REFIT-H1-COACT-000052,dryer+washer,context_after,5161806,2015-01-23 12:07:10,1422014830,484,145,9,0,0
REFIT-H1-COACT-000053,dryer+washer,context_after,5161806,2015-01-23 12:07:10,1422014830,484,145,9,0,0
REFIT-H1-COACT-000054,dryer+washer,context_before,5161806,2015-01-23 12:07:10,1422014830,484,145,9,0,0
REFIT-H1-COACT-000055,dryer+washer,context_before,5161806,2015-01-23 12:07:10,1422014830,484,145,9,0,0
REFIT-H1-COACT-000056,dryer+washer,context_before,5161806,2015-01-23 12:07:10,1422014830,484,145,9,0,0
REFIT-H1-COACT-000052,dryer+washer,context_after,5161807,2015-01-23 12:07:17,1422014837,479,145,9,0,0
REFIT-H1-COACT-000053,dryer+washer,context_after,5161807,2015-01-23 12:07:17,1422014837,479,145,9,0,0
REFIT-H1-COACT-000054,dryer+washer,context_before,5161807,2015-01-23 12:07:17,1422014837,479,145,9,0,0
REFIT-H1-COACT-000055,dryer+washer,context_before,5161807,2015-01-23 12:07:17,1422014837,479,145,9,0,0
REFIT-H1-COACT-000056,dryer+washer,context_before,5161807,2015-01-23 12:07:17,1422014837,479,145,9,0,0
REFIT-H1-COACT-000052,dryer+washer,context_after,5161808,2015-01-23 12:07:24,1422014844,476,144,9,0,0
REFIT-H1-COACT-000053,dryer+washer,context_after,5161808,2015-01-23 12:07:24,1422014844,476,144,9,0,0
REFIT-H1-COACT-000054,dryer+washer,context_before,5161808,2015-01-23 12:07:24,1422014844,476,144,9,0,0
REFIT-H1-COACT-000055,dryer+washer,context_before,5161808,2015-01-23 12:07:24,1422014844,476,144,9,0,0
REFIT-H1-COACT-000056,dryer+washer,context_before,5161808,2015-01-23 12:07:24,1422014844,476,144,9,0,0
REFIT-H1-COACT-000052,dryer+washer,context_after,5161809,2015-01-23 12:07:31,1422014851,483,143,9,0,0
REFIT-H1-COACT-000053,dryer+washer,context_after,5161809,2015-01-23 12:07:31,1422014851,483,143,9,0,0
REFIT-H1-COACT-000054,dryer+washer,context_before,5161809,2015-01-23 12:07:31,1422014851,483,143,9,0,0
REFIT-H1-COACT-000055,dryer+washer,context_before,5161809,2015-01-23 12:07:31,1422014851,483,143,9,0,0
REFIT-H1-COACT-000056,dryer+washer,context_before,5161809,2015-01-23 12:07:31,1422014851,483,143,9,0,0
REFIT-H1-COACT-000052,dryer+washer,context_after,5161810,2015-01-23 12:07:37,1422014857,479,143,10,0,0
REFIT-H1-COACT-000053,dryer+washer,context_after,5161810,2015-01-23 12:07:37,1422014857,479,143,10,0,0
REFIT-H1-COACT-000054,dryer+washer,context_before,5161810,2015-01-23 12:07:37,1422014857,479,143,10,0,0
REFIT-H1-COACT-000055,dryer+washer,context_before,5161810,2015-01-23 12:07:37,1422014857,479,143,10,0,0
REFIT-H1-COACT-000056,dryer+washer,context_before,5161810,2015-01-23 12:07:37,1422014857,479,143,10,0,0
REFIT-H1-COACT-000052,dryer+washer,context_after,5161811,2015-01-23 12:07:44,1422014864,553,145,314,0,1
REFIT-H1-COACT-000053,dryer+washer,context_after,5161811,2015-01-23 12:07:44,1422014864,553,145,314,0,1
REFIT-H1-COACT-000054,dryer+washer,context_before,5161811,2015-01-23 12:07:44,1422014864,553,145,314,0,1
REFIT-H1-COACT-000055,dryer+washer,context_before,5161811,2015-01-23 12:07:44,1422014864,553,145,314,0,1
REFIT-H1-COACT-000056,dryer+washer,context_before,5161811,2015-01-23 12:07:44,1422014864,553,145,314,0,1
REFIT-H1-COACT-000052,dryer+washer,context_after,5161812,2015-01-23 12:07:51,1422014871,919,144,128,0,0
REFIT-H1-COACT-000053,dryer+washer,context_after,5161812,2015-01-23 12:07:51,1422014871,919,144,128,0,0
REFIT-H1-COACT-000054,dryer+washer,candidate_window,5161812,2015-01-23 12:07:51,1422014871,919,144,128,0,0
REFIT-H1-COACT-000055,dryer+washer,context_before,5161812,2015-01-23 12:07:51,1422014871,919,144,128,0,0
REFIT-H1-COACT-000056,dryer+washer,context_before,5161812,2015-01-23 12:07:51,1422014871,919,144,128,0,0
REFIT-H1-COACT-000053,dryer+washer,context_after,5161813,2015-01-23 12:07:58,1422014878,867,144,72,0,0
REFIT-H1-COACT-000054,dryer+washer,context_after,5161813,2015-01-23 12:07:58,1422014878,867,144,72,0,0
REFIT-H1-COACT-000055,dryer+washer,context_before,5161813,2015-01-23 12:07:58,1422014878,867,144,72,0,0
REFIT-H1-COACT-000056,dryer+washer,context_before,5161813,2015-01-23 12:07:58,1422014878,867,144,72,0,0
REFIT-H1-COACT-000053,dryer+washer,context_after,5161814,2015-01-23 12:08:04,1422014884,867,143,4,0,0
REFIT-H1-COACT-000054,dryer+washer,context_after,5161814,2015-01-23 12:08:04,1422014884,867,143,4,0,0
REFIT-H1-COACT-000055,dryer+washer,context_before,5161814,2015-01-23 12:08:04,1422014884,867,143,4,0,0
REFIT-H1-COACT-000056,dryer+washer,context_before,5161814,2015-01-23 12:08:04,1422014884,867,143,4,0,0
REFIT-H1-COACT-000053,dryer+washer,context_after,5161815,2015-01-23 12:08:05,1422014885,477,143,4,0,0
REFIT-H1-COACT-000054,dryer+washer,context_after,5161815,2015-01-23 12:08:05,1422014885,477,143,4,0,0
REFIT-H1-COACT-000055,dryer+washer,context_before,5161815,2015-01-23 12:08:05,1422014885,477,143,4,0,0
REFIT-H1-COACT-000056,dryer+washer,context_before,5161815,2015-01-23 12:08:05,1422014885,477,143,4,0,0
REFIT-H1-COACT-000053,dryer+washer,context_after,5161816,2015-01-23 12:08:11,1422014891,778,153,4,0,0
REFIT-H1-COACT-000054,dryer+washer,context_after,5161816,2015-01-23 12:08:11,1422014891,778,153,4,0,0
REFIT-H1-COACT-000055,dryer+washer,context_before,5161816,2015-01-23 12:08:11,1422014891,778,153,4,0,0
REFIT-H1-COACT-000056,dryer+washer,context_before,5161816,2015-01-23 12:08:11,1422014891,778,153,4,0,0
REFIT-H1-COACT-000053,dryer+washer,context_after,5161817,2015-01-23 12:08:18,1422014898,862,153,4,0,0
REFIT-H1-COACT-000054,dryer+washer,context_after,5161817,2015-01-23 12:08:18,1422014898,862,153,4,0,0
REFIT-H1-COACT-000055,dryer+washer,context_before,5161817,2015-01-23 12:08:18,1422014898,862,153,4,0,0
REFIT-H1-COACT-000056,dryer+washer,context_before,5161817,2015-01-23 12:08:18,1422014898,862,153,4,0,0
REFIT-H1-COACT-000053,dryer+washer,context_after,5161818,2015-01-23 12:08:24,1422014904,472,153,3,0,0
REFIT-H1-COACT-000054,dryer+washer,context_after,5161818,2015-01-23 12:08:24,1422014904,472,153,3,0,0
REFIT-H1-COACT-000055,dryer+washer,context_before,5161818,2015-01-23 12:08:24,1422014904,472,153,3,0,0
REFIT-H1-COACT-000056,dryer+washer,context_before,5161818,2015-01-23 12:08:24,1422014904,472,153,3,0,0
REFIT-H1-COACT-000053,dryer+washer,context_after,5161819,2015-01-23 12:08:31,1422014911,877,154,68,0,0
REFIT-H1-COACT-000054,dryer+washer,context_after,5161819,2015-01-23 12:08:31,1422014911,877,154,68,0,0
REFIT-H1-COACT-000055,dryer+washer,context_before,5161819,2015-01-23 12:08:31,1422014911,877,154,68,0,0
REFIT-H1-COACT-000056,dryer+washer,context_before,5161819,2015-01-23 12:08:31,1422014911,877,154,68,0,0
REFIT-H1-COACT-000053,dryer+washer,context_after,5161820,2015-01-23 12:08:38,1422014918,862,154,124,0,0
REFIT-H1-COACT-000054,dryer+washer,context_after,5161820,2015-01-23 12:08:38,1422014918,862,154,124,0,0
REFIT-H1-COACT-000055,dryer+washer,candidate_window,5161820,2015-01-23 12:08:38,1422014918,862,154,124,0,0
REFIT-H1-COACT-000056,dryer+washer,context_before,5161820,2015-01-23 12:08:38,1422014918,862,154,124,0,0
REFIT-H1-COACT-000053,dryer+washer,context_after,5161821,2015-01-23 12:08:45,1422014925,585,153,35,0,0
REFIT-H1-COACT-000054,dryer+washer,context_after,5161821,2015-01-23 12:08:45,1422014925,585,153,35,0,0
REFIT-H1-COACT-000055,dryer+washer,context_after,5161821,2015-01-23 12:08:45,1422014925,585,153,35,0,0
REFIT-H1-COACT-000056,dryer+washer,context_before,5161821,2015-01-23 12:08:45,1422014925,585,153,35,0,0
REFIT-H1-COACT-000053,dryer+washer,context_after,5161822,2015-01-23 12:08:51,1422014931,863,153,35,0,0
REFIT-H1-COACT-000054,dryer+washer,context_after,5161822,2015-01-23 12:08:51,1422014931,863,153,35,0,0
REFIT-H1-COACT-000055,dryer+washer,context_after,5161822,2015-01-23 12:08:51,1422014931,863,153,35,0,0
REFIT-H1-COACT-000056,dryer+washer,context_before,5161822,2015-01-23 12:08:51,1422014931,863,153,35,0,0
REFIT-H1-COACT-000053,dryer+washer,context_after,5161823,2015-01-23 12:08:58,1422014938,798,154,118,0,0
REFIT-H1-COACT-000054,dryer+washer,context_after,5161823,2015-01-23 12:08:58,1422014938,798,154,118,0,0
REFIT-H1-COACT-000055,dryer+washer,context_after,5161823,2015-01-23 12:08:58,1422014938,798,154,118,0,0
REFIT-H1-COACT-000056,dryer+washer,candidate_window,5161823,2015-01-23 12:08:58,1422014938,798,154,118,0,0
REFIT-H1-COACT-000053,dryer+washer,context_after,5161824,2015-01-23 12:09:05,1422014945,709,154,81,0,0
REFIT-H1-COACT-000054,dryer+washer,context_after,5161824,2015-01-23 12:09:05,1422014945,709,154,81,0,0
REFIT-H1-COACT-000055,dryer+washer,context_after,5161824,2015-01-23 12:09:05,1422014945,709,154,81,0,0
REFIT-H1-COACT-000056,dryer+washer,context_after,5161824,2015-01-23 12:09:05,1422014945,709,154,81,0,0
REFIT-H1-COACT-000054,dryer+washer,context_after,5161825,2015-01-23 12:09:11,1422014951,505,18,65,0,0
REFIT-H1-COACT-000055,dryer+washer,context_after,5161825,2015-01-23 12:09:11,1422014951,505,18,65,0,0
REFIT-H1-COACT-000056,dryer+washer,context_after,5161825,2015-01-23 12:09:11,1422014951,505,18,65,0,0
REFIT-H1-COACT-000054,dryer+washer,context_after,5161826,2015-01-23 12:09:18,1422014958,485,18,68,0,0
REFIT-H1-COACT-000055,dryer+washer,context_after,5161826,2015-01-23 12:09:18,1422014958,485,18,68,0,0
REFIT-H1-COACT-000056,dryer+washer,context_after,5161826,2015-01-23 12:09:18,1422014958,485,18,68,0,0
REFIT-H1-COACT-000054,dryer+washer,context_after,5161827,2015-01-23 12:09:25,1422014965,337,0,27,0,0
REFIT-H1-COACT-000055,dryer+washer,context_after,5161827,2015-01-23 12:09:25,1422014965,337,0,27,0,0
REFIT-H1-COACT-000056,dryer+washer,context_after,5161827,2015-01-23 12:09:25,1422014965,337,0,27,0,0
REFIT-H1-COACT-000054,dryer+washer,context_after,5161828,2015-01-23 12:09:31,1422014971,348,0,34,0,0
REFIT-H1-COACT-000055,dryer+washer,context_after,5161828,2015-01-23 12:09:31,1422014971,348,0,34,0,0
REFIT-H1-COACT-000056,dryer+washer,context_after,5161828,2015-01-23 12:09:31,1422014971,348,0,34,0,0
REFIT-H1-COACT-000054,dryer+washer,context_after,5161829,2015-01-23 12:09:38,1422014978,401,0,72,0,0
REFIT-H1-COACT-000055,dryer+washer,context_after,5161829,2015-01-23 12:09:38,1422014978,401,0,72,0,0
REFIT-H1-COACT-000056,dryer+washer,context_after,5161829,2015-01-23 12:09:38,1422014978,401,0,72,0,0
REFIT-H1-COACT-000054,dryer+washer,context_after,5161830,2015-01-23 12:09:45,1422014985,325,0,3,0,0
REFIT-H1-COACT-000055,dryer+washer,context_after,5161830,2015-01-23 12:09:45,1422014985,325,0,3,0,0
REFIT-H1-COACT-000056,dryer+washer,context_after,5161830,2015-01-23 12:09:45,1422014985,325,0,3,0,0
REFIT-H1-COACT-000054,dryer+washer,context_after,5161831,2015-01-23 12:09:52,1422014992,321,0,9,0,0
REFIT-H1-COACT-000055,dryer+washer,context_after,5161831,2015-01-23 12:09:52,1422014992,321,0,9,0,0
REFIT-H1-COACT-000056,dryer+washer,context_after,5161831,2015-01-23 12:09:52,1422014992,321,0,9,0,0
REFIT-H1-COACT-000054,dryer+washer,context_after,5161832,2015-01-23 12:09:58,1422014998,325,0,9,0,0
REFIT-H1-COACT-000055,dryer+washer,context_after,5161832,2015-01-23 12:09:58,1422014998,325,0,9,0,0
REFIT-H1-COACT-000056,dryer+washer,context_after,5161832,2015-01-23 12:09:58,1422014998,325,0,9,0,0
REFIT-H1-COACT-000054,dryer+washer,context_after,5161833,2015-01-23 12:10:05,1422015005,324,0,9,0,0
REFIT-H1-COACT-000055,dryer+washer,context_after,5161833,2015-01-23 12:10:05,1422015005,324,0,9,0,0
REFIT-H1-COACT-000056,dryer+washer,context_after,5161833,2015-01-23 12:10:05,1422015005,324,0,9,0,0
REFIT-H1-COACT-000054,dryer+washer,context_after,5161834,2015-01-23 12:10:12,1422015012,324,0,9,0,0
REFIT-H1-COACT-000055,dryer+washer,context_after,5161834,2015-01-23 12:10:12,1422015012,324,0,9,0,0
REFIT-H1-COACT-000056,dryer+washer,context_after,5161834,2015-01-23 12:10:12,1422015012,324,0,9,0,0
REFIT-H1-COACT-000054,dryer+washer,context_after,5161835,2015-01-23 12:10:18,1422015018,325,0,9,0,0
REFIT-H1-COACT-000055,dryer+washer,context_after,5161835,2015-01-23 12:10:18,1422015018,325,0,9,0,0
REFIT-H1-COACT-000056,dryer+washer,context_after,5161835,2015-01-23 12:10:18,1422015018,325,0,9,0,0
REFIT-H1-COACT-000054,dryer+washer,context_after,5161836,2015-01-23 12:10:25,1422015025,321,0,10,0,0
REFIT-H1-COACT-000055,dryer+washer,context_after,5161836,2015-01-23 12:10:25,1422015025,321,0,10,0,0
REFIT-H1-COACT-000056,dryer+washer,context_after,5161836,2015-01-23 12:10:25,1422015025,321,0,10,0,0
REFIT-H1-COACT-000054,dryer+washer,context_after,5161837,2015-01-23 12:10:32,1422015032,323,0,9,0,0
REFIT-H1-COACT-000055,dryer+washer,context_after,5161837,2015-01-23 12:10:32,1422015032,323,0,9,0,0
REFIT-H1-COACT-000056,dryer+washer,context_after,5161837,2015-01-23 12:10:32,1422015032,323,0,9,0,0
REFIT-H1-COACT-000054,dryer+washer,context_after,5161838,2015-01-23 12:10:39,1422015039,333,0,9,0,0
REFIT-H1-COACT-000055,dryer+washer,context_after,5161838,2015-01-23 12:10:39,1422015039,333,0,9,0,0
REFIT-H1-COACT-000056,dryer+washer,context_after,5161838,2015-01-23 12:10:39,1422015039,333,0,9,0,0
REFIT-H1-COACT-000054,dryer+washer,context_after,5161839,2015-01-23 12:10:45,1422015045,324,0,9,0,0
REFIT-H1-COACT-000055,dryer+washer,context_after,5161839,2015-01-23 12:10:45,1422015045,324,0,9,0,0
REFIT-H1-COACT-000056,dryer+washer,context_after,5161839,2015-01-23 12:10:45,1422015045,324,0,9,0,0
REFIT-H1-COACT-000054,dryer+washer,context_after,5161840,2015-01-23 12:10:52,1422015052,324,0,9,0,0
REFIT-H1-COACT-000055,dryer+washer,context_after,5161840,2015-01-23 12:10:52,1422015052,324,0,9,0,0
REFIT-H1-COACT-000056,dryer+washer,context_after,5161840,2015-01-23 12:10:52,1422015052,324,0,9,0,0
REFIT-H1-COACT-000054,dryer+washer,context_after,5161841,2015-01-23 12:10:59,1422015059,324,0,9,0,0
REFIT-H1-COACT-000055,dryer+washer,context_after,5161841,2015-01-23 12:10:59,1422015059,324,0,9,0,0
REFIT-H1-COACT-000056,dryer+washer,context_after,5161841,2015-01-23 12:10:59,1422015059,324,0,9,0,0
REFIT-H1-COACT-000054,dryer+washer,context_after,5161842,2015-01-23 12:11:06,1422015066,353,0,288,0,1
REFIT-H1-COACT-000055,dryer+washer,context_after,5161842,2015-01-23 12:11:06,1422015066,353,0,288,0,1
REFIT-H1-COACT-000056,dryer+washer,context_after,5161842,2015-01-23 12:11:06,1422015066,353,0,288,0,1
REFIT-H1-COACT-000055,dryer+washer,context_after,5161843,2015-01-23 12:11:12,1422015072,741,0,142,0,0
REFIT-H1-COACT-000056,dryer+washer,context_after,5161843,2015-01-23 12:11:12,1422015072,741,0,142,0,0
REFIT-H1-COACT-000055,dryer+washer,context_after,5161844,2015-01-23 12:11:19,1422015079,326,0,10,0,0
REFIT-H1-COACT-000056,dryer+washer,context_after,5161844,2015-01-23 12:11:19,1422015079,326,0,10,0,0
REFIT-H1-COACT-000055,dryer+washer,context_after,5161845,2015-01-23 12:11:26,1422015086,532,0,4,0,0
REFIT-H1-COACT-000056,dryer+washer,context_after,5161845,2015-01-23 12:11:26,1422015086,532,0,4,0,0
REFIT-H1-COACT-000055,dryer+washer,context_after,5161846,2015-01-23 12:11:33,1422015093,725,0,136,0,0
REFIT-H1-COACT-000056,dryer+washer,context_after,5161846,2015-01-23 12:11:33,1422015093,725,0,136,0,0
REFIT-H1-COACT-000055,dryer+washer,context_after,5161847,2015-01-23 12:11:39,1422015099,321,0,135,0,0
REFIT-H1-COACT-000056,dryer+washer,context_after,5161847,2015-01-23 12:11:39,1422015099,321,0,135,0,0
REFIT-H1-COACT-000055,dryer+washer,context_after,5161848,2015-01-23 12:11:46,1422015106,2361,0,96,0,0
REFIT-H1-COACT-000056,dryer+washer,context_after,5161848,2015-01-23 12:11:46,1422015106,2361,0,96,0,0
REFIT-H1-COACT-000055,dryer+washer,context_after,5161849,2015-01-23 12:11:53,1422015113,2504,0,140,0,0
REFIT-H1-COACT-000056,dryer+washer,context_after,5161849,2015-01-23 12:11:53,1422015113,2504,0,140,0,0
REFIT-H1-COACT-000055,dryer+washer,context_after,5161850,2015-01-23 12:12:00,1422015120,2562,0,36,0,0
REFIT-H1-COACT-000056,dryer+washer,context_after,5161850,2015-01-23 12:12:00,1422015120,2562,0,36,0,0
REFIT-H1-COACT-000056,dryer+washer,context_after,5161851,2015-01-23 12:12:06,1422015126,3633,0,36,0,0
REFIT-H1-COACT-000056,dryer+washer,context_after,5161852,2015-01-23 12:12:13,1422015133,2574,0,36,0,0
REFIT-H1-COACT-000056,dryer+washer,context_after,5161853,2015-01-23 12:12:20,1422015140,2447,0,127,0,0
REFIT-H1-COACT-000057,dryer+washer,context_before,5665167,2015-03-03 12:47:53,1425386873,1357,0,161,0,0
REFIT-H1-COACT-000057,dryer+washer,context_before,5665168,2015-03-03 12:48:00,1425386880,1466,0,156,0,0
REFIT-H1-COACT-000057,dryer+washer,context_before,5665169,2015-03-03 12:48:07,1425386887,1164,0,3,0,0
REFIT-H1-COACT-000057,dryer+washer,context_before,5665170,2015-03-03 12:48:14,1425386894,1203,0,36,0,0
REFIT-H1-COACT-000057,dryer+washer,context_before,5665171,2015-03-03 12:48:21,1425386901,402,0,73,0,1
REFIT-H1-COACT-000057,dryer+washer,context_before,5665172,2015-03-03 12:48:28,1425386908,378,0,74,0,0
REFIT-H1-COACT-000057,dryer+washer,context_before,5665173,2015-03-03 12:48:35,1425386915,353,0,63,0,0
REFIT-H1-COACT-000057,dryer+washer,context_before,5665174,2015-03-03 12:48:42,1425386922,347,0,63,0,0
REFIT-H1-COACT-000057,dryer+washer,context_before,5665175,2015-03-03 12:48:48,1425386928,347,0,65,0,0
REFIT-H1-COACT-000057,dryer+washer,context_before,5665176,2015-03-03 12:48:49,1425386929,347,0,65,0,0
REFIT-H1-COACT-000057,dryer+washer,context_before,5665177,2015-03-03 12:48:55,1425386935,196,0,27,0,0
REFIT-H1-COACT-000057,dryer+washer,context_before,5665178,2015-03-03 12:49:02,1425386942,201,0,34,0,0
REFIT-H1-COACT-000057,dryer+washer,context_before,5665179,2015-03-03 12:49:09,1425386949,266,0,64,0,0
REFIT-H1-COACT-000057,dryer+washer,context_before,5665180,2015-03-03 12:49:16,1425386956,197,0,30,0,0
REFIT-H1-COACT-000057,dryer+washer,context_before,5665181,2015-03-03 12:49:23,1425386963,665,0,137,0,0
REFIT-H1-COACT-000057,dryer+washer,context_before,5665182,2015-03-03 12:49:30,1425386970,411,0,110,0,0
REFIT-H1-COACT-000057,dryer+washer,context_before,5665183,2015-03-03 12:49:37,1425386977,352,0,77,0,0
REFIT-H1-COACT-000057,dryer+washer,context_before,5665184,2015-03-03 12:49:44,1425386984,345,0,77,0,0
REFIT-H1-COACT-000057,dryer+washer,context_before,5665185,2015-03-03 12:49:51,1425386991,366,0,77,0,0
REFIT-H1-COACT-000057,dryer+washer,context_before,5665186,2015-03-03 12:49:58,1425386998,366,0,73,0,0
REFIT-H1-COACT-000057,dryer+washer,context_before,5665187,2015-03-03 12:50:05,1425387005,329,0,28,0,0
REFIT-H1-COACT-000057,dryer+washer,context_before,5665188,2015-03-03 12:50:12,1425387012,634,0,28,0,0
REFIT-H1-COACT-000058,dryer+washer,context_before,5665188,2015-03-03 12:50:12,1425387012,634,0,28,0,0
REFIT-H1-COACT-000057,dryer+washer,context_before,5665189,2015-03-03 12:50:19,1425387019,426,0,117,0,0
REFIT-H1-COACT-000058,dryer+washer,context_before,5665189,2015-03-03 12:50:19,1425387019,426,0,117,0,0
REFIT-H1-COACT-000057,dryer+washer,context_before,5665190,2015-03-03 12:50:26,1425387026,335,0,117,0,0
REFIT-H1-COACT-000058,dryer+washer,context_before,5665190,2015-03-03 12:50:26,1425387026,335,0,117,0,0
REFIT-H1-COACT-000057,dryer+washer,context_before,5665191,2015-03-03 12:50:33,1425387033,359,0,117,0,0
REFIT-H1-COACT-000058,dryer+washer,context_before,5665191,2015-03-03 12:50:33,1425387033,359,0,117,0,0
REFIT-H1-COACT-000057,dryer+washer,context_before,5665192,2015-03-03 12:50:40,1425387040,346,0,117,0,0
REFIT-H1-COACT-000058,dryer+washer,context_before,5665192,2015-03-03 12:50:40,1425387040,346,0,117,0,0
REFIT-H1-COACT-000057,dryer+washer,context_before,5665193,2015-03-03 12:50:47,1425387047,353,0,117,0,0
REFIT-H1-COACT-000058,dryer+washer,context_before,5665193,2015-03-03 12:50:47,1425387047,353,0,117,0,0
REFIT-H1-COACT-000057,dryer+washer,context_before,5665194,2015-03-03 12:50:54,1425387054,345,0,85,0,0
REFIT-H1-COACT-000058,dryer+washer,context_before,5665194,2015-03-03 12:50:54,1425387054,345,0,85,0,0
REFIT-H1-COACT-000057,dryer+washer,context_before,5665195,2015-03-03 12:51:00,1425387060,494,0,140,0,0
REFIT-H1-COACT-000058,dryer+washer,context_before,5665195,2015-03-03 12:51:00,1425387060,494,0,140,0,0
REFIT-H1-COACT-000057,dryer+washer,context_before,5665196,2015-03-03 12:51:07,1425387067,513,0,201,0,0
REFIT-H1-COACT-000058,dryer+washer,context_before,5665196,2015-03-03 12:51:07,1425387067,513,0,201,0,0
REFIT-H1-COACT-000057,dryer+washer,candidate_window,5665197,2015-03-03 12:51:14,1425387074,759,153,267,0,0
REFIT-H1-COACT-000058,dryer+washer,context_before,5665197,2015-03-03 12:51:14,1425387074,759,153,267,0,0
REFIT-H1-COACT-000057,dryer+washer,candidate_window,5665198,2015-03-03 12:51:21,1425387081,677,153,199,0,0
REFIT-H1-COACT-000058,dryer+washer,context_before,5665198,2015-03-03 12:51:21,1425387081,677,153,199,0,0
REFIT-H1-COACT-000057,dryer+washer,candidate_window,5665199,2015-03-03 12:51:28,1425387088,1614,156,200,0,0
REFIT-H1-COACT-000058,dryer+washer,context_before,5665199,2015-03-03 12:51:28,1425387088,1614,156,200,0,0
REFIT-H1-COACT-000057,dryer+washer,candidate_window,5665200,2015-03-03 12:51:35,1425387095,1551,156,200,0,0
REFIT-H1-COACT-000058,dryer+washer,context_before,5665200,2015-03-03 12:51:35,1425387095,1551,156,200,0,0
REFIT-H1-COACT-000057,dryer+washer,context_after,5665201,2015-03-03 12:51:42,1425387102,1495,142,28,0,0
REFIT-H1-COACT-000058,dryer+washer,context_before,5665201,2015-03-03 12:51:42,1425387102,1495,142,28,0,0
REFIT-H1-COACT-000057,dryer+washer,context_after,5665202,2015-03-03 12:51:49,1425387109,1487,146,35,0,0
REFIT-H1-COACT-000058,dryer+washer,context_before,5665202,2015-03-03 12:51:49,1425387109,1487,146,35,0,0
REFIT-H1-COACT-000057,dryer+washer,context_after,5665203,2015-03-03 12:51:55,1425387115,1487,146,35,0,0
REFIT-H1-COACT-000058,dryer+washer,context_before,5665203,2015-03-03 12:51:55,1425387115,1487,146,35,0,0
REFIT-H1-COACT-000057,dryer+washer,context_after,5665204,2015-03-03 12:51:56,1425387116,1471,140,29,0,0
REFIT-H1-COACT-000058,dryer+washer,context_before,5665204,2015-03-03 12:51:56,1425387116,1471,140,29,0,0
REFIT-H1-COACT-000057,dryer+washer,context_after,5665205,2015-03-03 12:52:02,1425387122,1445,143,9,0,0
REFIT-H1-COACT-000058,dryer+washer,context_before,5665205,2015-03-03 12:52:02,1425387122,1445,143,9,0,0
REFIT-H1-COACT-000057,dryer+washer,context_after,5665206,2015-03-03 12:52:09,1425387129,1435,143,9,0,0
REFIT-H1-COACT-000058,dryer+washer,context_before,5665206,2015-03-03 12:52:09,1425387129,1435,143,9,0,0
REFIT-H1-COACT-000057,dryer+washer,context_after,5665207,2015-03-03 12:52:16,1425387136,1424,141,10,0,0
REFIT-H1-COACT-000058,dryer+washer,context_before,5665207,2015-03-03 12:52:16,1425387136,1424,141,10,0,0
REFIT-H1-COACT-000057,dryer+washer,context_after,5665208,2015-03-03 12:52:23,1425387143,1431,143,9,0,0
REFIT-H1-COACT-000058,dryer+washer,context_before,5665208,2015-03-03 12:52:23,1425387143,1431,143,9,0,0
REFIT-H1-COACT-000057,dryer+washer,context_after,5665209,2015-03-03 12:52:30,1425387150,1445,142,9,0,0
REFIT-H1-COACT-000058,dryer+washer,context_before,5665209,2015-03-03 12:52:30,1425387150,1445,142,9,0,0
REFIT-H1-COACT-000057,dryer+washer,context_after,5665210,2015-03-03 12:52:37,1425387157,1428,140,9,0,0
REFIT-H1-COACT-000058,dryer+washer,context_before,5665210,2015-03-03 12:52:37,1425387157,1428,140,9,0,0
REFIT-H1-COACT-000057,dryer+washer,context_after,5665211,2015-03-03 12:52:43,1425387163,1425,140,9,0,0
REFIT-H1-COACT-000058,dryer+washer,context_before,5665211,2015-03-03 12:52:43,1425387163,1425,140,9,0,0
REFIT-H1-COACT-000057,dryer+washer,context_after,5665212,2015-03-03 12:52:50,1425387170,1426,141,9,0,0
REFIT-H1-COACT-000058,dryer+washer,context_before,5665212,2015-03-03 12:52:50,1425387170,1426,141,9,0,0
REFIT-H1-COACT-000057,dryer+washer,context_after,5665213,2015-03-03 12:52:57,1425387177,1430,138,9,0,0
REFIT-H1-COACT-000058,dryer+washer,context_before,5665213,2015-03-03 12:52:57,1425387177,1430,138,9,0,0
REFIT-H1-COACT-000057,dryer+washer,context_after,5665214,2015-03-03 12:53:04,1425387184,1419,140,9,0,0
REFIT-H1-COACT-000058,dryer+washer,context_before,5665214,2015-03-03 12:53:04,1425387184,1419,140,9,0,0
REFIT-H1-COACT-000057,dryer+washer,context_after,5665215,2015-03-03 12:53:11,1425387191,1436,140,9,0,0
REFIT-H1-COACT-000058,dryer+washer,context_before,5665215,2015-03-03 12:53:11,1425387191,1436,140,9,0,0
REFIT-H1-COACT-000057,dryer+washer,context_after,5665216,2015-03-03 12:53:18,1425387198,1441,140,9,0,0
REFIT-H1-COACT-000058,dryer+washer,context_before,5665216,2015-03-03 12:53:18,1425387198,1441,140,9,0,0
REFIT-H1-COACT-000057,dryer+washer,context_after,5665217,2015-03-03 12:53:25,1425387205,1419,140,9,0,0
REFIT-H1-COACT-000058,dryer+washer,context_before,5665217,2015-03-03 12:53:25,1425387205,1419,140,9,0,0
REFIT-H1-COACT-000057,dryer+washer,context_after,5665218,2015-03-03 12:53:32,1425387212,1419,142,173,0,0
REFIT-H1-COACT-000058,dryer+washer,candidate_window,5665218,2015-03-03 12:53:32,1425387212,1419,142,173,0,0
REFIT-H1-COACT-000057,dryer+washer,context_after,5665219,2015-03-03 12:53:39,1425387219,1622,143,128,0,0
REFIT-H1-COACT-000058,dryer+washer,candidate_window,5665219,2015-03-03 12:53:39,1425387219,1622,143,128,0,0
REFIT-H1-COACT-000057,dryer+washer,context_after,5665220,2015-03-03 12:53:45,1425387225,1459,145,4,0,0
REFIT-H1-COACT-000058,dryer+washer,context_after,5665220,2015-03-03 12:53:45,1425387225,1459,145,4,0,0
REFIT-H1-COACT-000057,dryer+washer,context_after,5665221,2015-03-03 12:53:52,1425387232,1446,144,92,0,0
REFIT-H1-COACT-000058,dryer+washer,context_after,5665221,2015-03-03 12:53:52,1425387232,1446,144,92,0,0
REFIT-H1-COACT-000057,dryer+washer,context_after,5665222,2015-03-03 12:53:59,1425387239,1478,27,92,0,0
REFIT-H1-COACT-000058,dryer+washer,context_after,5665222,2015-03-03 12:53:59,1425387239,1478,27,92,0,0
REFIT-H1-COACT-000057,dryer+washer,context_after,5665223,2015-03-03 12:54:06,1425387246,268,27,10,0,0
REFIT-H1-COACT-000058,dryer+washer,context_after,5665223,2015-03-03 12:54:06,1425387246,268,27,10,0,0
REFIT-H1-COACT-000057,dryer+washer,context_after,5665224,2015-03-03 12:54:13,1425387253,608,27,12,0,0
REFIT-H1-COACT-000058,dryer+washer,context_after,5665224,2015-03-03 12:54:13,1425387253,608,27,12,0,0
REFIT-H1-COACT-000057,dryer+washer,context_after,5665225,2015-03-03 12:54:20,1425387260,608,0,140,0,0
REFIT-H1-COACT-000058,dryer+washer,context_after,5665225,2015-03-03 12:54:20,1425387260,608,0,140,0,0
REFIT-H1-COACT-000057,dryer+washer,context_after,5665226,2015-03-03 12:54:26,1425387266,317,0,135,0,0
REFIT-H1-COACT-000058,dryer+washer,context_after,5665226,2015-03-03 12:54:26,1425387266,317,0,135,0,0
REFIT-H1-COACT-000057,dryer+washer,context_after,5665227,2015-03-03 12:54:33,1425387273,317,0,199,0,0
REFIT-H1-COACT-000058,dryer+washer,context_after,5665227,2015-03-03 12:54:33,1425387273,317,0,199,0,0
REFIT-H1-COACT-000057,dryer+washer,context_after,5665228,2015-03-03 12:54:40,1425387280,639,0,117,0,0
REFIT-H1-COACT-000058,dryer+washer,context_after,5665228,2015-03-03 12:54:40,1425387280,639,0,117,0,0
REFIT-H1-COACT-000057,dryer+washer,context_after,5665229,2015-03-03 12:54:47,1425387287,594,0,96,0,0
REFIT-H1-COACT-000058,dryer+washer,context_after,5665229,2015-03-03 12:54:47,1425387287,594,0,96,0,0
REFIT-H1-COACT-000057,dryer+washer,context_after,5665230,2015-03-03 12:54:54,1425387294,499,0,80,0,0
REFIT-H1-COACT-000058,dryer+washer,context_after,5665230,2015-03-03 12:54:54,1425387294,499,0,80,0,0
REFIT-H1-COACT-000058,dryer+washer,context_after,5665231,2015-03-03 12:55:01,1425387301,493,0,70,0,0
REFIT-H1-COACT-000058,dryer+washer,context_after,5665232,2015-03-03 12:55:07,1425387307,493,0,28,0,0
REFIT-H1-COACT-000058,dryer+washer,context_after,5665233,2015-03-03 12:55:08,1425387308,300,0,28,0,0
REFIT-H1-COACT-000058,dryer+washer,context_after,5665234,2015-03-03 12:55:14,1425387314,302,0,35,0,0
REFIT-H1-COACT-000058,dryer+washer,context_after,5665235,2015-03-03 12:55:21,1425387321,643,0,35,0,0
REFIT-H1-COACT-000058,dryer+washer,context_after,5665236,2015-03-03 12:55:28,1425387328,257,0,7,0,0
REFIT-H1-COACT-000058,dryer+washer,context_after,5665237,2015-03-03 12:55:35,1425387335,263,0,9,0,0
REFIT-H1-COACT-000058,dryer+washer,context_after,5665238,2015-03-03 12:55:42,1425387342,261,0,9,0,0
REFIT-H1-COACT-000058,dryer+washer,context_after,5665239,2015-03-03 12:55:49,1425387349,261,0,9,0,0
REFIT-H1-COACT-000058,dryer+washer,context_after,5665240,2015-03-03 12:55:55,1425387355,263,0,9,0,0
REFIT-H1-COACT-000058,dryer+washer,context_after,5665241,2015-03-03 12:56:02,1425387362,263,0,10,0,0
REFIT-H1-COACT-000058,dryer+washer,context_after,5665242,2015-03-03 12:56:09,1425387369,267,0,9,0,0
REFIT-H1-COACT-000058,dryer+washer,context_after,5665243,2015-03-03 12:56:16,1425387376,261,0,9,0,0
REFIT-H1-COACT-000058,dryer+washer,context_after,5665244,2015-03-03 12:56:23,1425387383,261,0,9,0,0
REFIT-H1-COACT-000058,dryer+washer,context_after,5665245,2015-03-03 12:56:29,1425387389,261,0,9,0,0
REFIT-H1-COACT-000058,dryer+washer,context_after,5665246,2015-03-03 12:56:36,1425387396,264,0,9,0,0
REFIT-H1-COACT-000058,dryer+washer,context_after,5665247,2015-03-03 12:56:43,1425387403,265,0,9,0,0
REFIT-H1-COACT-000058,dryer+washer,context_after,5665248,2015-03-03 12:56:50,1425387410,1696,0,119,0,0
REFIT-H1-COACT-000058,dryer+washer,context_after,5665249,2015-03-03 12:56:57,1425387417,1541,0,147,0,0
REFIT-H1-COACT-000059,washer+dishwasher,context_before,5676883,2015-03-04 10:35:27,1425465327,206,0,10,0,1
REFIT-H1-COACT-000059,washer+dishwasher,context_before,5676884,2015-03-04 10:35:33,1425465333,206,0,10,0,1
REFIT-H1-COACT-000059,washer+dishwasher,context_before,5676885,2015-03-04 10:35:34,1425465334,1181,0,10,0,0
REFIT-H1-COACT-000059,washer+dishwasher,context_before,5676886,2015-03-04 10:35:40,1425465340,1289,0,97,0,0
REFIT-H1-COACT-000059,washer+dishwasher,context_before,5676887,2015-03-04 10:35:47,1425465347,1299,0,105,0,0
REFIT-H1-COACT-000059,washer+dishwasher,context_before,5676888,2015-03-04 10:35:54,1425465354,1303,0,126,0,0
REFIT-H1-COACT-000059,washer+dishwasher,context_before,5676889,2015-03-04 10:36:00,1425465360,1303,0,21,0,0
REFIT-H1-COACT-000059,washer+dishwasher,context_before,5676890,2015-03-04 10:36:07,1425465367,1180,0,149,0,0
REFIT-H1-COACT-000059,washer+dishwasher,context_before,5676891,2015-03-04 10:36:14,1425465374,1415,0,178,0,0
REFIT-H1-COACT-000059,washer+dishwasher,context_before,5676892,2015-03-04 10:36:21,1425465381,1175,0,201,0,1
REFIT-H1-COACT-000059,washer+dishwasher,context_before,5676893,2015-03-04 10:36:27,1425465387,1175,0,10,0,0
REFIT-H1-COACT-000059,washer+dishwasher,context_before,5676894,2015-03-04 10:36:34,1425465394,3474,0,5,0,0
REFIT-H1-COACT-000059,washer+dishwasher,context_before,5676895,2015-03-04 10:36:41,1425465401,3474,0,2315,0,0
REFIT-H1-COACT-000059,washer+dishwasher,context_before,5676896,2015-03-04 10:36:48,1425465408,3732,0,2264,0,0
REFIT-H1-COACT-000059,washer+dishwasher,context_before,5676897,2015-03-04 10:36:54,1425465414,3374,0,2108,0,0
REFIT-H1-COACT-000059,washer+dishwasher,context_before,5676898,2015-03-04 10:37:01,1425465421,3539,0,2354,0,0
REFIT-H1-COACT-000059,washer+dishwasher,context_before,5676899,2015-03-04 10:37:08,1425465428,3708,0,2310,0,0
REFIT-H1-COACT-000059,washer+dishwasher,context_before,5676900,2015-03-04 10:37:15,1425465435,3635,0,2101,0,0
REFIT-H1-COACT-000059,washer+dishwasher,context_before,5676901,2015-03-04 10:37:22,1425465442,6706,0,2101,0,0
REFIT-H1-COACT-000059,washer+dishwasher,context_before,5676902,2015-03-04 10:37:28,1425465448,6751,0,2101,0,0
REFIT-H1-COACT-000059,washer+dishwasher,context_before,5676903,2015-03-04 10:37:35,1425465455,6938,0,2372,0,0
REFIT-H1-COACT-000059,washer+dishwasher,context_before,5676904,2015-03-04 10:37:42,1425465462,6892,0,2216,0,0
REFIT-H1-COACT-000059,washer+dishwasher,context_before,5676905,2015-03-04 10:37:49,1425465469,6755,0,2285,0,0
REFIT-H1-COACT-000059,washer+dishwasher,context_before,5676906,2015-03-04 10:37:55,1425465475,6729,0,2043,0,0
REFIT-H1-COACT-000059,washer+dishwasher,context_before,5676907,2015-03-04 10:38:02,1425465482,6516,0,2208,0,0
REFIT-H1-COACT-000059,washer+dishwasher,context_before,5676908,2015-03-04 10:38:09,1425465489,5460,0,2310,0,0
REFIT-H1-COACT-000059,washer+dishwasher,context_before,5676909,2015-03-04 10:38:16,1425465496,5130,0,2070,0,0
REFIT-H1-COACT-000059,washer+dishwasher,context_before,5676910,2015-03-04 10:38:22,1425465502,5350,0,2268,0,0
REFIT-H1-COACT-000059,washer+dishwasher,context_before,5676911,2015-03-04 10:38:29,1425465509,5867,0,2323,0,0
REFIT-H1-COACT-000059,washer+dishwasher,context_before,5676912,2015-03-04 10:38:36,1425465516,5164,0,2073,0,0
REFIT-H1-COACT-000059,washer+dishwasher,candidate_window,5676913,2015-03-04 10:38:43,1425465523,5478,0,2073,248,0
REFIT-H1-COACT-000059,washer+dishwasher,context_after,5676914,2015-03-04 10:38:49,1425465529,5493,0,2281,0,0
REFIT-H1-COACT-000059,washer+dishwasher,context_after,5676915,2015-03-04 10:38:56,1425465536,5288,0,2315,0,0
REFIT-H1-COACT-000059,washer+dishwasher,context_after,5676916,2015-03-04 10:39:03,1425465543,5444,0,2236,0,0
REFIT-H1-COACT-000059,washer+dishwasher,context_after,5676917,2015-03-04 10:39:10,1425465550,5382,0,2264,0,0
REFIT-H1-COACT-000059,washer+dishwasher,context_after,5676918,2015-03-04 10:39:16,1425465556,2336,0,2119,0,0
REFIT-H1-COACT-000059,washer+dishwasher,context_after,5676919,2015-03-04 10:39:23,1425465563,2336,0,2119,0,0
REFIT-H1-COACT-000059,washer+dishwasher,context_after,5676920,2015-03-04 10:39:30,1425465570,2653,0,2119,0,0
REFIT-H1-COACT-000059,washer+dishwasher,context_after,5676921,2015-03-04 10:39:37,1425465577,2569,0,2119,0,0
REFIT-H1-COACT-000059,washer+dishwasher,context_after,5676922,2015-03-04 10:39:43,1425465583,2753,0,2119,0,0
REFIT-H1-COACT-000059,washer+dishwasher,context_after,5676923,2015-03-04 10:39:50,1425465590,2666,0,2319,0,0
REFIT-H1-COACT-000059,washer+dishwasher,context_after,5676924,2015-03-04 10:39:57,1425465597,2707,0,2137,0,0
REFIT-H1-COACT-000059,washer+dishwasher,context_after,5676925,2015-03-04 10:40:04,1425465604,2462,0,2224,0,0
REFIT-H1-COACT-000059,washer+dishwasher,context_after,5676926,2015-03-04 10:40:10,1425465610,2651,0,2298,0,0
REFIT-H1-COACT-000059,washer+dishwasher,context_after,5676927,2015-03-04 10:40:17,1425465617,2328,0,2327,0,1
REFIT-H1-COACT-000059,washer+dishwasher,context_after,5676928,2015-03-04 10:40:24,1425465624,2328,0,2178,0,0
REFIT-H1-COACT-000059,washer+dishwasher,context_after,5676929,2015-03-04 10:40:31,1425465631,2660,0,2319,0,0
REFIT-H1-COACT-000059,washer+dishwasher,context_after,5676930,2015-03-04 10:40:37,1425465637,2379,0,2112,0,0
REFIT-H1-COACT-000059,washer+dishwasher,context_after,5676931,2015-03-04 10:40:44,1425465644,2692,0,2112,0,0
REFIT-H1-COACT-000059,washer+dishwasher,context_after,5676932,2015-03-04 10:40:51,1425465651,2684,0,2281,0,0
REFIT-H1-COACT-000059,washer+dishwasher,context_after,5676933,2015-03-04 10:40:58,1425465658,2420,0,2159,0,0
REFIT-H1-COACT-000059,washer+dishwasher,context_after,5676934,2015-03-04 10:41:04,1425465664,2734,0,2264,0,0
REFIT-H1-COACT-000059,washer+dishwasher,context_after,5676935,2015-03-04 10:41:11,1425465671,3920,0,2310,0,0
REFIT-H1-COACT-000059,washer+dishwasher,context_after,5676936,2015-03-04 10:41:18,1425465678,3661,0,2193,0,0
REFIT-H1-COACT-000059,washer+dishwasher,context_after,5676937,2015-03-04 10:41:25,1425465685,3856,0,2285,0,0
REFIT-H1-COACT-000059,washer+dishwasher,context_after,5676938,2015-03-04 10:41:31,1425465691,3937,0,2306,0,0
REFIT-H1-COACT-000059,washer+dishwasher,context_after,5676939,2015-03-04 10:41:38,1425465698,3757,0,2336,0,0
REFIT-H1-COACT-000059,washer+dishwasher,context_after,5676940,2015-03-04 10:41:45,1425465705,4223,0,2115,0,0
REFIT-H1-COACT-000059,washer+dishwasher,context_after,5676941,2015-03-04 10:41:52,1425465712,3930,0,2327,0,0
REFIT-H1-COACT-000059,washer+dishwasher,context_after,5676942,2015-03-04 10:41:58,1425465718,3888,0,2126,0,0
REFIT-H1-COACT-000059,washer+dishwasher,context_after,5676943,2015-03-04 10:42:05,1425465725,3621,0,2298,0,0
REFIT-H1-COACT-000060,dryer+washer,context_before,6565714,2015-06-02 05:57:26,1433224646,576,0,104,0,0
REFIT-H1-COACT-000060,dryer+washer,context_before,6565715,2015-06-02 05:57:32,1433224652,576,0,90,0,0
REFIT-H1-COACT-000060,dryer+washer,context_before,6565716,2015-06-02 05:57:39,1433224659,280,0,37,0,0
REFIT-H1-COACT-000060,dryer+washer,context_before,6565717,2015-06-02 05:57:46,1433224666,276,0,37,0,0
REFIT-H1-COACT-000060,dryer+washer,context_before,6565718,2015-06-02 05:57:53,1433224673,487,0,89,0,0
REFIT-H1-COACT-000060,dryer+washer,context_before,6565719,2015-06-02 05:57:59,1433224679,251,0,35,0,0
REFIT-H1-COACT-000060,dryer+washer,context_before,6565720,2015-06-02 05:58:06,1433224686,251,0,94,0,0
REFIT-H1-COACT-000060,dryer+washer,context_before,6565721,2015-06-02 05:58:13,1433224693,251,0,104,0,0
REFIT-H1-COACT-000060,dryer+washer,context_before,6565722,2015-06-02 05:58:20,1433224700,512,0,81,0,0
REFIT-H1-COACT-000060,dryer+washer,context_before,6565723,2015-06-02 05:58:26,1433224706,474,0,74,0,0
REFIT-H1-COACT-000060,dryer+washer,context_before,6565724,2015-06-02 05:58:33,1433224713,471,0,73,0,0
REFIT-H1-COACT-000060,dryer+washer,context_before,6565725,2015-06-02 05:58:40,1433224720,473,0,71,0,0
REFIT-H1-COACT-000060,dryer+washer,context_before,6565726,2015-06-02 05:58:46,1433224726,591,0,146,0,0
REFIT-H1-COACT-000060,dryer+washer,context_before,6565727,2015-06-02 05:58:53,1433224733,593,0,164,0,0
REFIT-H1-COACT-000060,dryer+washer,context_before,6565728,2015-06-02 05:59:00,1433224740,490,0,164,0,0
REFIT-H1-COACT-000060,dryer+washer,context_before,6565729,2015-06-02 05:59:07,1433224747,498,0,133,0,0
REFIT-H1-COACT-000060,dryer+washer,context_before,6565730,2015-06-02 05:59:13,1433224753,498,0,151,0,0
REFIT-H1-COACT-000060,dryer+washer,context_before,6565731,2015-06-02 05:59:20,1433224760,533,0,157,0,0
REFIT-H1-COACT-000060,dryer+washer,context_before,6565732,2015-06-02 05:59:27,1433224767,533,0,168,0,0
REFIT-H1-COACT-000060,dryer+washer,context_before,6565733,2015-06-02 05:59:33,1433224773,533,0,175,0,0
REFIT-H1-COACT-000060,dryer+washer,context_before,6565734,2015-06-02 05:59:40,1433224780,409,0,189,0,0
REFIT-H1-COACT-000060,dryer+washer,context_before,6565735,2015-06-02 05:59:47,1433224787,425,0,200,0,0
REFIT-H1-COACT-000060,dryer+washer,context_before,6565736,2015-06-02 05:59:54,1433224794,416,0,208,0,0
REFIT-H1-COACT-000060,dryer+washer,context_before,6565737,2015-06-02 06:00:00,1433224800,386,0,190,0,0
REFIT-H1-COACT-000060,dryer+washer,context_before,6565738,2015-06-02 06:00:07,1433224807,400,0,195,0,0
REFIT-H1-COACT-000060,dryer+washer,context_before,6565739,2015-06-02 06:00:14,1433224814,403,0,189,0,0
REFIT-H1-COACT-000060,dryer+washer,context_before,6565740,2015-06-02 06:00:21,1433224821,433,0,190,0,0
REFIT-H1-COACT-000060,dryer+washer,context_before,6565741,2015-06-02 06:00:27,1433224827,454,0,190,0,0
REFIT-H1-COACT-000060,dryer+washer,context_before,6565742,2015-06-02 06:00:34,1433224834,482,0,266,0,0
REFIT-H1-COACT-000060,dryer+washer,context_before,6565743,2015-06-02 06:00:41,1433224841,460,0,275,0,0
REFIT-H1-COACT-000060,dryer+washer,candidate_window,6565744,2015-06-02 06:00:47,1433224847,585,160,291,0,0
REFIT-H1-COACT-000060,dryer+washer,candidate_window,6565745,2015-06-02 06:00:54,1433224854,583,160,355,0,0
REFIT-H1-COACT-000060,dryer+washer,candidate_window,6565746,2015-06-02 06:01:01,1433224861,627,160,340,0,0
REFIT-H1-COACT-000060,dryer+washer,candidate_window,6565747,2015-06-02 06:01:08,1433224868,553,160,327,0,0
REFIT-H1-COACT-000060,dryer+washer,candidate_window,6565748,2015-06-02 06:01:14,1433224874,558,160,334,0,0
REFIT-H1-COACT-000060,dryer+washer,candidate_window,6565749,2015-06-02 06:01:21,1433224881,571,160,335,0,0
REFIT-H1-COACT-000060,dryer+washer,context_after,6565750,2015-06-02 06:01:28,1433224888,672,0,444,0,0
REFIT-H1-COACT-000060,dryer+washer,context_after,6565751,2015-06-02 06:01:34,1433224894,680,0,432,0,0
REFIT-H1-COACT-000060,dryer+washer,context_after,6565752,2015-06-02 06:01:41,1433224901,681,0,474,0,0
REFIT-H1-COACT-000060,dryer+washer,context_after,6565753,2015-06-02 06:01:48,1433224908,629,0,426,0,0
REFIT-H1-COACT-000060,dryer+washer,context_after,6565754,2015-06-02 06:01:55,1433224915,595,0,393,0,0
REFIT-H1-COACT-000060,dryer+washer,context_after,6565755,2015-06-02 06:02:01,1433224921,621,0,393,0,0
REFIT-H1-COACT-000060,dryer+washer,context_after,6565756,2015-06-02 06:02:08,1433224928,619,0,424,0,0
REFIT-H1-COACT-000060,dryer+washer,context_after,6565757,2015-06-02 06:02:15,1433224935,685,0,499,0,0
REFIT-H1-COACT-000060,dryer+washer,context_after,6565758,2015-06-02 06:02:21,1433224941,685,0,514,0,0
REFIT-H1-COACT-000060,dryer+washer,context_after,6565759,2015-06-02 06:02:22,1433224942,683,0,514,0,0
REFIT-H1-COACT-000060,dryer+washer,context_after,6565760,2015-06-02 06:02:28,1433224948,650,0,485,0,0
REFIT-H1-COACT-000060,dryer+washer,context_after,6565761,2015-06-02 06:02:35,1433224955,653,0,477,0,0
REFIT-H1-COACT-000060,dryer+washer,context_after,6565762,2015-06-02 06:02:42,1433224962,661,0,471,0,0
REFIT-H1-COACT-000060,dryer+washer,context_after,6565763,2015-06-02 06:02:48,1433224968,649,0,474,0,0
REFIT-H1-COACT-000060,dryer+washer,context_after,6565764,2015-06-02 06:02:55,1433224975,161,0,474,0,1
REFIT-H1-COACT-000060,dryer+washer,context_after,6565765,2015-06-02 06:03:02,1433224982,161,0,474,0,1
REFIT-H1-COACT-000060,dryer+washer,context_after,6565766,2015-06-02 06:03:09,1433224989,166,0,474,0,1
REFIT-H1-COACT-000060,dryer+washer,context_after,6565767,2015-06-02 06:03:15,1433224995,205,0,474,0,1
REFIT-H1-COACT-000060,dryer+washer,context_after,6565768,2015-06-02 06:03:22,1433225002,200,0,27,0,0
REFIT-H1-COACT-000060,dryer+washer,context_after,6565769,2015-06-02 06:03:29,1433225009,206,0,14,0,0
REFIT-H1-COACT-000060,dryer+washer,context_after,6565770,2015-06-02 06:03:35,1433225015,205,0,1,0,0
REFIT-H1-COACT-000060,dryer+washer,context_after,6565771,2015-06-02 06:03:42,1433225022,205,0,1,0,0
REFIT-H1-COACT-000060,dryer+washer,context_after,6565772,2015-06-02 06:03:49,1433225029,215,0,1,0,0
REFIT-H1-COACT-000060,dryer+washer,context_after,6565773,2015-06-02 06:03:56,1433225036,210,0,1,0,0
REFIT-H1-COACT-000060,dryer+washer,context_after,6565774,2015-06-02 06:04:02,1433225042,213,0,1,0,0
REFIT-H1-COACT-000060,dryer+washer,context_after,6565775,2015-06-02 06:04:09,1433225049,211,0,1,0,0
REFIT-H1-COACT-000060,dryer+washer,context_after,6565776,2015-06-02 06:04:16,1433225056,211,0,1,0,0
REFIT-H1-COACT-000060,dryer+washer,context_after,6565777,2015-06-02 06:04:23,1433225063,212,0,1,0,0
REFIT-H1-COACT-000060,dryer+washer,context_after,6565778,2015-06-02 06:04:29,1433225069,216,0,1,0,0
REFIT-H1-COACT-000060,dryer+washer,context_after,6565779,2015-06-02 06:04:36,1433225076,210,0,0,0,0
